repeats: 500
gray: 1
level: 8
taux: 0.166667
taul: 1
sigmay: 0.0909091
sigmap: 1
lambda: 0.11
nu: 0.01
image: 128 x 128
GPU Memory: 2146762752 - 1883447296 = 263315456
1 256.587219
2 256.082031
3 255.763565
4 254.599686
5 255.802658
6 255.307663
7 253.897614
8 252.954544
9 253.635559
10 253.596130
11 253.866104
12 253.858231
13 252.782516
14 253.098801
15 253.094849
16 252.487625
17 251.650558
18 251.071701
19 250.930267
20 250.730927
21 250.111969
22 249.691803
23 249.839951
24 250.069992
25 250.193924
26 250.119965
27 250.209915
28 250.375717
29 250.541412
30 250.489517
31 250.455582
32 250.583313
33 250.437622
34 250.449600
35 250.347763
36 250.171936
37 250.028000
38 250.071991
39 250.189926
40 250.105972
41 250.141953
42 250.163940
43 250.197922
44 250.253876
45 250.149948
46 250.169937
47 250.253876
48 250.225891
49 250.305817
50 250.359741
51 250.435623
52 250.477539
53 250.557373
54 250.633194
55 250.683060
56 250.732925
57 250.750870
58 250.852539
59 250.842575
60 250.912338
61 250.932266
62 251.019913
63 251.051788
64 251.171249
65 251.155334
66 251.246887
67 251.260818
68 251.282715
69 251.127457
70 251.151352
71 251.127457
72 251.071701
73 251.101578
74 251.071701
75 251.061752
76 251.073700
77 251.113525
78 251.075684
79 251.201111
80 251.238937
81 251.294647
82 251.250870
83 251.274750
84 251.238937
85 251.203110
86 251.215042
87 251.201111
88 251.177231
89 251.211060
90 251.209076
91 251.195145
92 251.207092
93 251.223007
94 251.254852
95 251.274750
96 251.252853
97 251.308578
98 251.304596
99 251.302612
100 251.310562
101 251.368256
102 251.392120
103 251.370239
104 251.352341
105 251.360306
106 251.336426
107 251.340408
108 251.264801
109 251.278732
110 251.262817
111 251.181213
112 251.169266
113 251.145370
114 251.125473
115 251.131439
116 251.165283
117 251.157318
118 251.185196
119 251.165283
120 251.225006
121 251.221024
122 251.221024
123 251.306580
124 251.193146
125 251.109543
126 251.061752
127 251.105560
128 251.159317
129 251.183197
130 251.139404
131 251.099579
132 251.129456
133 251.127457
134 251.087631
135 251.049789
136 251.037842
137 250.984070
138 250.964142
139 250.958160
140 250.890411
141 250.864502
142 250.848557
143 250.846573
144 250.864502
145 250.810684
146 250.854538
147 250.808685
148 250.820648
149 250.894394
150 250.836594
151 250.808685
152 250.824646
153 250.848557
154 250.910339
155 250.892410
156 250.818665
157 250.830627
158 250.860519
159 250.912338
160 250.944214
161 250.978088
162 250.924286
163 250.886429
164 250.898392
165 250.908356
166 250.910339
167 250.916321
168 250.916321
169 250.864502
170 250.856537
171 250.810684
172 250.780777
173 250.810684
174 250.774796
175 250.778793
176 250.730927
177 250.756851
178 250.709000
179 250.762833
180 250.798721
181 250.800720
182 250.794739
183 250.726944
184 250.732925
185 250.714981
186 250.693039
187 250.675095
188 250.695038
189 250.687057
190 250.730927
191 250.726944
192 250.695038
193 250.707001
194 250.681076
195 250.691040
196 250.641174
197 250.679077
198 250.683060
199 250.681076
200 250.621231
201 250.579330
202 250.489517
203 250.471558
204 250.469559
205 250.451599
206 250.429626
207 250.379715
208 250.361740
209 250.337769
210 250.387695
211 250.369720
212 250.405670
213 250.363739
214 250.333771
215 250.329788
216 250.341766
217 250.295822
218 250.313797
219 250.281845
220 250.303818
221 250.291824
222 250.239883
223 250.251877
224 250.227890
225 250.227890
226 250.247879
227 250.187927
228 250.183929
229 250.199921
230 250.199921
231 250.183929
232 250.167938
233 250.151947
234 250.115967
235 250.173935
236 250.143951
237 250.139954
238 250.179932
239 250.163940
240 250.169937
241 250.167938
242 250.153946
243 250.159943
244 250.109970
245 250.163940
246 250.087982
247 249.947998
248 250.020004
249 250.018005
250 250.011993
251 250.037994
252 250.037994
253 250.000000
254 250.018005
255 250.000000
256 250.011993
257 250.045990
258 250.026001
259 250.059998
260 250.075989
261 250.024002
262 250.005997
263 249.981995
264 249.953995
265 249.968002
266 249.973999
267 249.915985
268 249.972000
269 249.937988
270 249.929993
271 250.020004
272 250.065994
273 250.047989
274 250.103973
275 250.137955
276 250.095978
277 250.069992
278 250.071991
279 250.067993
280 250.022003
281 250.026001
282 250.009995
283 250.063995
284 250.031998
285 250.031998
286 249.998001
287 249.990005
288 249.959991
289 249.951996
290 249.915985
291 249.921982
292 249.949997
293 249.953995
294 249.977997
295 249.975998
296 249.977997
297 249.931992
298 249.851959
299 249.853958
300 249.839951
301 249.837952
302 249.891983
303 249.947998
304 249.929993
305 249.917984
306 249.881973
307 249.883972
308 249.957993
309 249.905975
310 249.964005
311 249.947998
312 249.931992
313 249.944000
314 249.931992
315 249.885971
316 249.809921
317 249.749878
318 249.755875
319 249.763885
320 249.751877
321 249.793915
322 249.857956
323 249.881973
324 249.903976
325 249.919983
326 249.883972
327 249.905975
328 249.899979
329 249.891983
330 249.871964
331 249.849960
332 249.825943
333 249.827942
334 249.813934
335 249.839951
336 249.831940
337 249.797913
338 249.805923
339 249.839951
340 249.821930
341 249.781906
342 249.821930
343 249.857956
344 249.853958
345 249.861969
346 249.875977
347 249.839951
348 249.863968
349 249.889969
350 249.923996
351 249.915985
352 249.937988
353 249.953995
354 249.961990
355 249.941986
356 249.990005
357 249.968002
358 249.957993
359 249.937988
360 249.945999
361 249.966003
362 249.977997
363 249.947998
364 249.983994
365 249.961990
366 249.970001
367 249.985992
368 249.981995
369 249.977997
370 250.020004
371 250.011993
372 249.998001
373 249.992004
374 250.001999
375 250.043991
376 250.075989
377 250.065994
378 250.016006
379 250.079987
380 250.089981
381 250.073990
382 250.135956
383 250.135956
384 250.117966
385 250.103973
386 250.041992
387 250.061996
388 250.091980
389 250.083984
390 250.049988
391 250.041992
392 250.020004
393 250.029999
394 250.024002
395 250.009995
396 249.939987
397 249.964005
398 249.893982
399 249.901978
400 249.901978
401 249.911987
402 249.903976
403 249.867966
404 249.847946
405 249.857956
406 249.905975
407 249.944000
408 249.964005
409 249.983994
410 250.013992
411 249.996002
412 249.973999
413 249.988007
414 249.977997
415 249.977997
416 249.970001
417 249.975998
418 249.988007
419 249.955994
420 250.011993
421 250.039993
422 250.056000
423 250.011993
424 250.022003
425 250.001999
426 249.973999
427 249.998001
428 250.007996
429 250.033997
430 250.018005
431 250.039993
432 249.988007
433 249.970001
434 249.953995
435 249.966003
436 249.981995
437 249.964005
438 249.992004
439 249.973999
440 249.992004
441 249.994003
442 249.992004
443 249.947998
444 249.968002
445 249.973999
446 249.983994
447 249.990005
448 250.003998
449 250.001999
450 249.981995
451 250.000000
452 250.009995
453 250.005997
454 250.003998
455 250.033997
456 250.013992
457 250.043991
458 250.037994
459 250.049988
460 250.022003
461 250.052002
462 250.071991
463 250.047989
464 250.028000
465 250.041992
466 250.016006
467 250.009995
468 250.037994
469 250.011993
470 250.067993
471 250.077988
472 250.111969
473 250.137955
474 250.157944
475 250.139954
476 250.151947
477 250.183929
478 250.219910
479 250.259872
480 250.263855
481 250.251877
482 250.237885
483 250.267853
484 250.269852
485 250.283844
486 250.225891
487 250.235886
488 250.223892
489 250.225891
490 250.267853
491 250.293823
492 250.273849
493 250.283844
494 250.323792
495 250.335770
496 250.343765
497 250.321793
498 250.315796
499 250.331787
500 250.341766
time: 1671.39 ms
