repeats: 500
dykstra: 100
gray: 1
level: 8
L: 3.4641
tau: 0.288675
sigma: 0.288675
lambda: 0.11
nu: 0.01
image: 128 x 128
1789067264 2146762752
1 255.293945
2 254.214478
3 256.101532
4 256.148407
5 257.916656
6 258.926636
7 259.555389
8 259.973083
9 260.021149
10 260.071136
11 259.951904
12 259.821106
13 259.586212
14 259.214203
15 258.897675
16 258.663879
17 258.484039
18 258.309906
19 258.195648
20 258.118195
21 258.021332
22 257.883698
23 257.804199
24 257.732422
25 257.784790
26 257.724670
27 257.697510
28 257.643158
29 257.660645
30 257.666443
31 257.656738
32 257.623749
33 257.678101
34 257.683929
35 257.728546
36 257.792542
37 257.804199
38 257.782867
39 257.835205
40 257.858490
41 257.815826
42 257.794495
43 257.841034
44 257.848785
45 257.844910
46 257.936035
47 257.984497
48 258.027130
49 258.017456
50 258.093018
51 258.120117
52 258.180176
53 258.222778
54 258.242126
55 258.278931
56 258.296356
57 258.336975
58 258.335052
59 258.416321
60 258.406647
61 258.456970
62 258.482117
63 258.414398
64 258.375702
65 258.358276
66 258.375702
67 258.414398
68 258.443420
69 258.429871
70 258.455017
71 258.563324
72 258.638733
73 258.623291
74 258.650330
75 258.621338
76 258.627136
77 258.654205
78 258.642609
79 258.665802
80 258.646484
81 258.632935
82 258.636810
83 258.640686
84 258.605865
85 258.625214
86 258.607819
87 258.611664
88 258.665802
89 258.698669
90 258.731506
91 258.737305
92 258.737305
93 258.808807
94 258.803009
95 258.818481
96 258.814606
97 258.870636
98 258.897675
99 258.930481
100 259.003876
101 259.081055
102 259.117737
103 259.183319
104 259.223846
105 259.164032
106 259.131256
107 259.125458
108 259.104218
109 259.071411
110 259.104218
111 259.138947
112 259.158264
113 259.123535
114 259.164032
115 259.189117
116 259.185272
117 259.256622
118 259.318329
119 259.360748
120 259.387726
121 259.385803
122 259.399292
123 259.412811
124 259.437866
125 259.462921
126 259.480255
127 259.501434
128 259.532257
129 259.590057
130 259.586212
131 259.599701
132 259.626648
133 259.649750
134 259.692139
135 259.728699
136 259.717163
137 259.742188
138 259.751801
139 259.763367
140 259.747955
141 259.771057
142 259.769135
143 259.769135
144 259.769135
145 259.769135
146 259.776825
147 259.786438
148 259.811462
149 259.740265
150 259.742188
151 259.726776
152 259.715240
153 259.651703
154 259.630493
155 259.642059
156 259.588135
157 259.595825
158 259.547668
159 259.526489
160 259.505310
161 259.491821
162 259.486023
163 259.503357
164 259.459045
165 259.441711
166 259.493744
167 259.491821
168 259.495667
169 259.499512
170 259.534210
171 259.565033
172 259.570801
173 259.555389
174 259.586212
175 259.545746
176 259.570801
177 259.591980
178 259.586212
179 259.593903
180 259.642059
181 259.674805
182 259.707520
183 259.726776
184 259.744110
185 259.751801
186 259.772980
187 259.749878
188 259.730621
189 259.719086
190 259.719086
191 259.744110
192 259.767212
193 259.763367
194 259.774902
195 259.767212
196 259.732544
197 259.757568
198 259.738342
199 259.749878
200 259.740265
201 259.736420
202 259.707520
203 259.697906
204 259.657471
205 259.678650
206 259.669006
207 259.678650
208 259.672882
209 259.703674
210 259.722931
211 259.719086
212 259.711365
213 259.751801
214 259.765289
215 259.776825
216 259.759491
217 259.755646
218 259.786438
219 259.774902
220 259.746033
221 259.740265
222 259.719086
223 259.711365
224 259.747955
225 259.749878
226 259.757568
227 259.751801
228 259.730621
229 259.680573
230 259.694061
231 259.722931
232 259.719086
233 259.730621
234 259.749878
235 259.738342
236 259.734467
237 259.769135
238 259.776825
239 259.765289
240 259.821106
241 259.821106
242 259.832642
243 259.867279
244 259.840332
245 259.813385
246 259.836487
247 259.842255
248 259.848022
249 259.863434
250 259.886505
251 259.905762
252 259.882660
253 259.867279
254 259.801849
255 259.803772
256 259.830719
257 259.865356
258 259.876892
259 259.907684
260 259.876892
261 259.855743
262 259.849945
263 259.813385
264 259.801849
265 259.771057
266 259.761444
267 259.747955
268 259.744110
269 259.740265
270 259.734467
271 259.707520
272 259.669006
273 259.649750
274 259.617035
275 259.601624
276 259.586212
277 259.582367
278 259.545746
279 259.532257
280 259.520721
281 259.501434
282 259.491821
283 259.495667
284 259.497589
285 259.514923
286 259.509155
287 259.509155
288 259.493744
289 259.499512
290 259.482178
291 259.522644
292 259.532257
293 259.513000
294 259.493744
295 259.491821
296 259.486023
297 259.464844
298 259.447479
299 259.447479
300 259.478333
301 259.497589
302 259.495667
303 259.503357
304 259.513000
305 259.507233
306 259.513000
307 259.487946
308 259.470612
309 259.480255
310 259.482178
311 259.486023
312 259.476410
313 259.486023
314 259.495667
315 259.518799
316 259.539978
317 259.572723
318 259.595825
319 259.605469
320 259.618958
321 259.643982
322 259.628571
323 259.636292
324 259.663239
325 259.669006
326 259.690186
327 259.713318
328 259.680573
329 259.726776
330 259.703674
331 259.695984
332 259.682495
333 259.647827
334 259.626648
335 259.636292
336 259.638214
337 259.649750
338 259.669006
339 259.686340
340 259.721008
341 259.721008
342 259.755646
343 259.755646
344 259.746033
345 259.782593
346 259.796082
347 259.759491
348 259.782593
349 259.794159
350 259.826874
351 259.813385
352 259.815308
353 259.851868
354 259.836487
355 259.861511
356 259.859589
357 259.876892
358 259.899994
359 259.898071
360 259.861511
361 259.861511
362 259.826874
363 259.817230
364 259.784515
365 259.780670
366 259.751801
367 259.753723
368 259.713318
369 259.719086
370 259.707520
371 259.699829
372 259.709442
373 259.726776
374 259.730621
375 259.711365
376 259.722931
377 259.715240
378 259.724854
379 259.736420
380 259.732544
381 259.730621
382 259.747955
383 259.774902
384 259.817230
385 259.801849
386 259.788361
387 259.790314
388 259.747955
389 259.715240
390 259.688263
391 259.674805
392 259.676727
393 259.674805
394 259.715240
395 259.721008
396 259.707520
397 259.711365
398 259.690186
399 259.674805
400 259.690186
401 259.699829
402 259.724854
403 259.726776
404 259.715240
405 259.724854
406 259.717163
407 259.699829
408 259.699829
409 259.730621
410 259.765289
411 259.763367
412 259.774902
413 259.801849
414 259.784515
415 259.774902
416 259.763367
417 259.765289
418 259.771057
419 259.786438
420 259.772980
421 259.774902
422 259.805695
423 259.807617
424 259.807617
425 259.817230
426 259.821106
427 259.840332
428 259.840332
429 259.848022
430 259.844177
431 259.844177
432 259.838409
433 259.824951
434 259.830719
435 259.821106
436 259.799927
437 259.809540
438 259.815308
439 259.792236
440 259.803772
441 259.782593
442 259.778748
443 259.763367
444 259.786438
445 259.767212
446 259.772980
447 259.771057
448 259.763367
449 259.753723
450 259.757568
451 259.759491
452 259.759491
453 259.738342
454 259.734467
455 259.711365
456 259.713318
457 259.707520
458 259.703674
459 259.688263
460 259.682495
461 259.657471
462 259.657471
463 259.665161
464 259.670959
465 259.655548
466 259.647827
467 259.645905
468 259.643982
469 259.609314
470 259.603546
471 259.601624
472 259.603546
473 259.580444
474 259.578491
475 259.584290
476 259.588135
477 259.603546
478 259.561157
479 259.588135
480 259.574646
481 259.570801
482 259.578491
483 259.584290
484 259.599701
485 259.615112
486 259.607391
487 259.634369
488 259.653625
489 259.649750
490 259.643982
491 259.645905
492 259.665161
493 259.669006
494 259.665161
495 259.655548
496 259.630493
497 259.618958
498 259.613159
499 259.628571
500 259.647827
time: 301455 ms
