repeats: 10000
gray: 1
level: 8
taux: 0.166667
taul: 1
sigmay: 0.0909091
sigmap: 1
lambda: 0.11
nu: 0.01
image: 128 x 128
GPU Memory: 2146762752 - 1891835904 = 254926848
1 255.411438
2 255.917953
3 256.236206
4 257.392700
5 256.197205
6 256.690460
7 258.085266
8 259.009644
9 258.342804
10 258.381500
11 258.116241
12 258.123993
13 259.177551
14 258.868683
15 258.872559
16 259.464844
17 260.276764
18 260.835205
19 260.971252
20 261.162781
21 261.755615
22 262.156433
23 262.015259
24 261.795715
25 261.677277
26 261.747955
27 261.661987
28 261.503357
29 261.344604
30 261.394348
31 261.426849
32 261.304413
33 261.444061
34 261.432587
35 261.530121
36 261.698303
37 261.835815
38 261.793823
39 261.681091
40 261.761353
41 261.726959
42 261.705933
43 261.673462
44 261.619965
45 261.719330
46 261.700195
47 261.619965
48 261.646698
49 261.570251
50 261.518646
51 261.445984
52 261.405823
53 261.329285
54 261.256592
55 261.208740
56 261.160858
57 261.143646
58 261.045959
59 261.055542
60 260.988495
61 260.969360
62 260.885040
63 260.854370
64 260.739319
65 260.754669
66 260.666443
67 260.653015
68 260.631927
69 260.781525
70 260.758514
71 260.781525
72 260.835205
73 260.806427
74 260.835205
75 260.844788
76 260.833282
77 260.794952
78 260.831360
79 260.710571
80 260.674133
81 260.620422
82 260.662628
83 260.639587
84 260.674133
85 260.708649
86 260.697144
87 260.710571
88 260.733582
89 260.700989
90 260.702881
91 260.716309
92 260.704803
93 260.689484
94 260.658783
95 260.639587
96 260.660706
97 260.606995
98 260.610809
99 260.612732
100 260.605072
101 260.549408
102 260.526398
103 260.547485
104 260.564758
105 260.557098
106 260.580109
107 260.576294
108 260.649200
109 260.635773
110 260.651123
111 260.729736
112 260.741241
113 260.764252
114 260.783447
115 260.777679
116 260.745087
117 260.752747
118 260.725922
119 260.745087
120 260.687561
121 260.691376
122 260.691376
123 260.608917
124 260.718231
125 260.798767
126 260.844788
127 260.802612
128 260.750824
129 260.727814
130 260.770020
131 260.808350
132 260.779602
133 260.781525
134 260.819855
135 260.856293
136 260.867798
137 260.919525
138 260.938690
139 260.944427
140 261.009583
141 261.034485
142 261.049805
143 261.051727
144 261.034485
145 261.086182
146 261.044067
147 261.088104
148 261.076630
149 261.005737
150 261.061310
151 261.088104
152 261.072784
153 261.049805
154 260.990417
155 261.007660
156 261.078522
157 261.067047
158 261.038300
159 260.988495
160 260.957855
161 260.925262
162 260.977020
163 261.013397
164 261.001923
165 260.992340
166 260.990417
167 260.984680
168 260.984680
169 261.034485
170 261.042145
171 261.086182
172 261.114929
173 261.086182
174 261.120667
175 261.116821
176 261.162781
177 261.137909
178 261.183838
179 261.132141
180 261.097687
181 261.095764
182 261.101501
183 261.166626
184 261.160858
185 261.178101
186 261.199158
187 261.216400
188 261.197235
189 261.204895
190 261.162781
191 261.166626
192 261.197235
193 261.185760
194 261.210632
195 261.201080
196 261.248932
197 261.212555
198 261.208740
199 261.210632
200 261.268066
201 261.308258
202 261.394348
203 261.411560
204 261.413452
205 261.430664
206 261.451721
207 261.499512
208 261.516724
209 261.539673
210 261.491882
211 261.509094
212 261.474670
213 261.514832
214 261.543488
215 261.547333
216 261.535858
217 261.579803
218 261.562622
219 261.593201
220 261.572174
221 261.583649
222 261.633331
223 261.621857
224 261.644806
225 261.644806
226 261.625702
227 261.683014
228 261.686829
229 261.671539
230 261.671539
231 261.686829
232 261.702118
233 261.717407
234 261.751801
235 261.696381
236 261.725037
237 261.728882
238 261.690643
239 261.705933
240 261.700195
241 261.702118
242 261.715485
243 261.709778
244 261.757507
245 261.705933
246 261.778534
247 261.912201
248 261.843475
249 261.845367
250 261.851105
251 261.826263
252 261.826263
253 261.862549
254 261.845367
255 261.862549
256 261.851105
257 261.818634
258 261.837738
259 261.805267
260 261.789978
261 261.839661
262 261.856842
263 261.879730
264 261.906464
265 261.893097
266 261.887390
267 261.942749
268 261.889282
269 261.921753
270 261.929382
271 261.843475
272 261.799530
273 261.816742
274 261.763245
275 261.730774
276 261.770905
277 261.795715
278 261.793823
279 261.797638
280 261.841553
281 261.837738
282 261.853027
283 261.801453
284 261.832001
285 261.832001
286 261.864471
287 261.872101
288 261.900757
289 261.908386
290 261.942749
291 261.937012
292 261.910278
293 261.906464
294 261.883575
295 261.885468
296 261.883575
297 261.927460
298 262.003815
299 262.001923
300 262.015259
301 262.017181
302 261.965637
303 261.912201
304 261.929382
305 261.940826
306 261.975189
307 261.973267
308 261.902649
309 261.952271
310 261.896912
311 261.912201
312 261.927460
313 261.916016
314 261.927460
315 261.971375
316 262.043884
317 262.101135
318 262.095398
319 262.087769
320 262.099213
321 262.059143
322 261.998077
323 261.975189
324 261.954193
325 261.938934
326 261.973267
327 261.952271
328 261.958008
329 261.965637
330 261.984741
331 262.005737
332 262.028625
333 262.026703
334 262.040070
335 262.015259
336 262.022888
337 262.055328
338 262.047699
339 262.015259
340 262.032440
341 262.070587
342 262.032440
343 261.998077
344 262.001923
345 261.994263
346 261.980927
347 262.015259
348 261.992371
349 261.967560
350 261.935120
351 261.942749
352 261.921753
353 261.906464
354 261.898834
355 261.917938
356 261.872101
357 261.893097
358 261.902649
359 261.921753
360 261.914093
361 261.895020
362 261.883575
363 261.912201
364 261.877838
365 261.898834
366 261.891205
367 261.875916
368 261.879730
369 261.883575
370 261.843475
371 261.851105
372 261.864471
373 261.870209
374 261.860657
375 261.820557
376 261.789978
377 261.799530
378 261.847290
379 261.786163
380 261.776611
381 261.791901
382 261.732697
383 261.732697
384 261.749878
385 261.763245
386 261.822449
387 261.803375
388 261.774719
389 261.782349
390 261.814819
391 261.822449
392 261.843475
393 261.833923
394 261.839661
395 261.853027
396 261.919830
397 261.896912
398 261.963745
399 261.956116
400 261.956116
401 261.946564
402 261.954193
403 261.988556
404 262.007629
405 261.998077
406 261.952271
407 261.916016
408 261.896912
409 261.877838
410 261.849182
411 261.866364
412 261.887390
413 261.874023
414 261.883575
415 261.883575
416 261.891205
417 261.885468
418 261.874023
419 261.904572
420 261.851105
421 261.824371
422 261.809082
423 261.851105
424 261.841553
425 261.860657
426 261.887390
427 261.864471
428 261.854919
429 261.830109
430 261.845367
431 261.824371
432 261.874023
433 261.891205
434 261.906464
435 261.895020
436 261.879730
437 261.896912
438 261.870209
439 261.887390
440 261.870209
441 261.868286
442 261.870209
443 261.912201
444 261.893097
445 261.887390
446 261.877838
447 261.872101
448 261.858734
449 261.860657
450 261.879730
451 261.862549
452 261.853027
453 261.856842
454 261.858734
455 261.830109
456 261.849182
457 261.820557
458 261.826263
459 261.814819
460 261.841553
461 261.812897
462 261.793823
463 261.816742
464 261.835815
465 261.822449
466 261.847290
467 261.853027
468 261.826263
469 261.851105
470 261.797638
471 261.788086
472 261.755615
473 261.730774
474 261.711670
475 261.728882
476 261.717407
477 261.686829
478 261.652435
479 261.614227
480 261.610413
481 261.621857
482 261.635254
483 261.606567
484 261.604675
485 261.591278
486 261.646698
487 261.637146
488 261.648621
489 261.646698
490 261.606567
491 261.581726
492 261.600830
493 261.591278
494 261.553040
495 261.541595
496 261.533936
497 261.554962
498 261.560699
499 261.545410
500 261.535858
501 261.533936
502 261.591278
503 261.562622
504 261.554962
505 261.545410
506 261.560699
507 261.505249
508 261.522461
509 261.486145
510 261.520569
511 261.480408
512 261.491882
513 261.489960
514 261.474670
515 261.468933
516 261.457458
517 261.447906
518 261.461273
519 261.430664
520 261.415375
521 261.371368
522 261.377136
523 261.319733
524 261.287201
525 261.289124
526 261.281464
527 261.275726
528 261.227875
529 261.178101
530 261.168518
531 261.158966
532 261.153198
533 261.126404
534 261.111084
535 261.084290
536 261.076630
537 261.065125
538 261.063202
539 261.111084
540 261.097687
541 261.086182
542 261.114929
543 261.113007
544 261.137909
545 261.166626
546 261.158966
547 261.149384
548 261.137909
549 261.139801
550 261.116821
551 261.124481
552 261.126404
553 261.120667
554 261.116821
555 261.091949
556 261.088104
557 261.130249
558 261.151306
559 261.143646
560 261.122589
561 261.145538
562 261.162781
563 261.181915
564 261.172363
565 261.183838
566 261.160858
567 261.153198
568 261.160858
569 261.189575
570 261.199158
571 261.210632
572 261.195343
573 261.180023
574 261.162781
575 261.166626
576 261.191498
577 261.245087
578 261.237427
579 261.243195
580 261.222137
581 261.212555
582 261.241272
583 261.220215
584 261.233612
585 261.247009
586 261.237427
587 261.268066
588 261.273804
589 261.237427
590 261.231689
591 261.237427
592 261.214478
593 261.237427
594 261.239349
595 261.222137
596 261.233612
597 261.260406
598 261.279541
599 261.296753
600 261.310150
601 261.296753
602 261.315887
603 261.331207
604 261.338867
605 261.350342
606 261.361816
607 261.363739
608 261.367554
609 261.348419
610 261.312073
611 261.291016
612 261.285278
613 261.291016
614 261.273804
615 261.291016
616 261.296753
617 261.308258
618 261.296753
619 261.266144
620 261.268066
621 261.250824
622 261.252747
623 261.264221
624 261.258484
625 261.289124
626 261.291016
627 261.273804
628 261.292938
629 261.306335
630 261.292938
631 261.321655
632 261.315887
633 261.291016
634 261.289124
635 261.291016
636 261.292938
637 261.296753
638 261.310150
639 261.308258
640 261.323547
641 261.331207
642 261.325470
643 261.321655
644 261.327393
645 261.342682
646 261.329285
647 261.356079
648 261.327393
649 261.348419
650 261.331207
651 261.331207
652 261.304413
653 261.302521
654 261.319733
655 261.312073
656 261.308258
657 261.285278
658 261.262329
659 261.262329
660 261.271881
661 261.308258
662 261.285278
663 261.252747
664 261.225952
665 261.248932
666 261.271881
667 261.285278
668 261.292938
669 261.281464
670 261.273804
671 261.275726
672 261.269989
673 261.258484
674 261.277618
675 261.306335
676 261.294861
677 261.260406
678 261.252747
679 261.287201
680 261.294861
681 261.277618
682 261.281464
683 261.275726
684 261.302521
685 261.312073
686 261.302521
687 261.291016
688 261.287201
689 261.291016
690 261.315887
691 261.325470
692 261.329285
693 261.323547
694 261.306335
695 261.325470
696 261.310150
697 261.348419
698 261.401978
699 261.401978
700 261.417297
701 261.413452
702 261.390503
703 261.400085
704 261.394348
705 261.373291
706 261.354156
707 261.361816
708 261.335022
709 261.327393
710 261.352264
711 261.329285
712 261.335022
713 261.346527
714 261.342682
715 261.371368
716 261.371368
717 261.373291
718 261.356079
719 261.346527
720 261.335022
721 261.336945
722 261.346527
723 261.346527
724 261.338867
725 261.329285
726 261.327393
727 261.325470
728 261.331207
729 261.321655
730 261.302521
731 261.306335
732 261.287201
733 261.287201
734 261.281464
735 261.296753
736 261.302521
737 261.296753
738 261.296753
739 261.304413
740 261.308258
741 261.300598
742 261.298676
743 261.294861
744 261.260406
745 261.248932
746 261.241272
747 261.250824
748 261.218292
749 261.208740
750 261.225952
751 261.239349
752 261.256592
753 261.262329
754 261.273804
755 261.248932
756 261.266144
757 261.266144
758 261.262329
759 261.264221
760 261.260406
761 261.247009
762 261.250824
763 261.258484
764 261.294861
765 261.319733
766 261.315887
767 261.304413
768 261.312073
769 261.310150
770 261.327393
771 261.358002
772 261.365631
773 261.365631
774 261.380951
775 261.398163
776 261.424927
777 261.449799
778 261.463196
779 261.501434
780 261.489960
781 261.510986
782 261.509094
783 261.503357
784 261.518646
785 261.514832
786 261.518646
787 261.495697
788 261.512909
789 261.474670
790 261.480408
791 261.476562
792 261.468933
793 261.453644
794 261.442169
795 261.417297
796 261.390503
797 261.373291
798 261.350342
799 261.331207
800 261.327393
801 261.300598
802 261.304413
803 261.313995
804 261.323547
805 261.291016
806 261.298676
807 261.289124
808 261.258484
809 261.273804
810 261.273804
811 261.279541
812 261.266144
813 261.254669
814 261.260406
815 261.254669
816 261.266144
817 261.275726
818 261.289124
819 261.310150
820 261.304413
821 261.315887
822 261.317810
823 261.335022
824 261.333130
825 261.335022
826 261.346527
827 261.361816
828 261.369476
829 261.377136
830 261.380951
831 261.369476
832 261.361816
833 261.344604
834 261.338867
835 261.333130
836 261.335022
837 261.336945
838 261.317810
839 261.313995
840 261.319733
841 261.335022
842 261.352264
843 261.363739
844 261.365631
845 261.371368
846 261.377136
847 261.373291
848 261.415375
849 261.394348
850 261.400085
851 261.400085
852 261.392426
853 261.390503
854 261.386688
855 261.380951
856 261.380951
857 261.356079
858 261.361816
859 261.369476
860 261.359894
861 261.373291
862 261.361816
863 261.365631
864 261.363739
865 261.358002
866 261.350342
867 261.344604
868 261.312073
869 261.310150
870 261.315887
871 261.344604
872 261.346527
873 261.361816
874 261.384766
875 261.361816
876 261.354156
877 261.342682
878 261.335022
879 261.338867
880 261.333130
881 261.302521
882 261.308258
883 261.302521
884 261.302521
885 261.304413
886 261.273804
887 261.258484
888 261.266144
889 261.250824
890 261.248932
891 261.262329
892 261.256592
893 261.264221
894 261.243195
895 261.229797
896 261.260406
897 261.264221
898 261.275726
899 261.264221
900 261.250824
901 261.271881
902 261.296753
903 261.294861
904 261.298676
905 261.302521
906 261.291016
907 261.279541
908 261.269989
909 261.281464
910 261.291016
911 261.302521
912 261.287201
913 261.275726
914 261.273804
915 261.287201
916 261.279541
917 261.291016
918 261.275726
919 261.281464
920 261.268066
921 261.271881
922 261.275726
923 261.266144
924 261.287201
925 261.285278
926 261.289124
927 261.298676
928 261.287201
929 261.279541
930 261.300598
931 261.298676
932 261.304413
933 261.298676
934 261.313995
935 261.323547
936 261.340759
937 261.358002
938 261.379028
939 261.377136
940 261.367554
941 261.361816
942 261.356079
943 261.359894
944 261.348419
945 261.348419
946 261.367554
947 261.380951
948 261.384766
949 261.401978
950 261.405823
951 261.401978
952 261.403900
953 261.401978
954 261.401978
955 261.371368
956 261.340759
957 261.346527
958 261.340759
959 261.323547
960 261.298676
961 261.296753
962 261.279541
963 261.273804
964 261.269989
965 261.241272
966 261.214478
967 261.225952
968 261.216400
969 261.202972
970 261.197235
971 261.185760
972 261.183838
973 261.174286
974 261.191498
975 261.191498
976 261.180023
977 261.180023
978 261.176178
979 261.178101
980 261.176178
981 261.162781
982 261.168518
983 261.168518
984 261.185760
985 261.158966
986 261.149384
987 261.170441
988 261.172363
989 261.157043
990 261.149384
991 261.157043
992 261.145538
993 261.130249
994 261.124481
995 261.120667
996 261.114929
997 261.114929
998 261.120667
999 261.122589
1000 261.135986
1001 261.126404
1002 261.122589
1003 261.139801
1004 261.141724
1005 261.153198
1006 261.157043
1007 261.153198
1008 261.166626
1009 261.183838
1010 261.193420
1011 261.191498
1012 261.185760
1013 261.172363
1014 261.193420
1015 261.216400
1016 261.204895
1017 261.206818
1018 261.204895
1019 261.254669
1020 261.273804
1021 261.275726
1022 261.304413
1023 261.317810
1024 261.298676
1025 261.294861
1026 261.298676
1027 261.306335
1028 261.296753
1029 261.310150
1030 261.302521
1031 261.327393
1032 261.333130
1033 261.306335
1034 261.291016
1035 261.296753
1036 261.312073
1037 261.312073
1038 261.321655
1039 261.304413
1040 261.294861
1041 261.287201
1042 261.289124
1043 261.296753
1044 261.275726
1045 261.248932
1046 261.256592
1047 261.266144
1048 261.277618
1049 261.256592
1050 261.277618
1051 261.264221
1052 261.233612
1053 261.227875
1054 261.218292
1055 261.216400
1056 261.189575
1057 261.204895
1058 261.180023
1059 261.172363
1060 261.166626
1061 261.162781
1062 261.158966
1063 261.137909
1064 261.135986
1065 261.141724
1066 261.153198
1067 261.162781
1068 261.147461
1069 261.151306
1070 261.135986
1071 261.143646
1072 261.149384
1073 261.153198
1074 261.158966
1075 261.134064
1076 261.145538
1077 261.149384
1078 261.157043
1079 261.176178
1080 261.166626
time: 3646.24 ms
