repeats: 200
gray: 1
level: 8
taux: 0.166667
taul: 1
sigmay: 0.0909091
sigmap: 1
lambda: 0.1
nu: 0.01
image: 128 x 128
GPU Memory: 2146762752 - 1883447296 = 263315456
1 258.071686
2 256.700226
3 260.000000
4 262.320404
5 262.874481
6 264.034088
7 265.171631
8 267.013123
9 267.325653
10 267.904846
11 268.905182
12 269.990753
13 270.551300
14 271.276611
15 271.889679
16 272.726959
17 273.713348
18 274.789001
19 276.003632
20 276.604401
21 277.185852
22 277.692261
23 278.050354
24 278.400787
25 278.539032
26 278.748993
27 278.910370
28 279.035828
29 279.139740
30 279.062714
31 278.992828
32 278.967743
33 278.759766
34 278.896027
35 278.829712
36 278.838654
37 278.901428
38 278.768707
39 278.953400
40 278.944427
41 279.025085
42 279.003571
43 278.946228
44 278.998199
45 279.105713
46 279.128998
47 279.213165
48 279.266907
49 279.372498
50 279.522797
51 279.664093
52 279.644409
53 279.621185
54 279.708771
55 279.837463
56 279.887482
57 279.839233
58 279.878540
59 279.923218
60 279.917847
61 279.960724
62 280.023224
63 280.053558
64 280.099976
65 280.073212
66 280.164246
67 280.180298
68 280.146393
69 280.223114
70 280.174957
71 280.192780
72 280.205292
73 280.167816
74 280.178528
75 280.158875
76 280.160675
77 280.185638
78 280.182098
79 280.174957
80 280.183868
81 280.219543
82 280.240967
83 280.276642
84 280.265930
85 280.280212
86 280.290924
87 280.315887
88 280.360474
89 280.347992
90 280.310547
91 280.340851
92 280.381897
93 280.381897
94 280.430023
95 280.440735
96 280.460327
97 280.465698
98 280.462128
99 280.451416
100 280.447845
101 280.478149
102 280.481720
103 280.504913
104 280.481720
105 280.510254
106 280.526306
107 280.531647
108 280.544128
109 280.510254
110 280.513824
111 280.510254
112 280.583313
113 280.588654
114 280.579742
115 280.601135
116 280.633209
117 280.663513
118 280.686646
119 280.734741
120 280.722290
121 280.740082
122 280.729401
123 280.736542
124 280.745422
125 280.716949
126 280.693787
127 280.756134
128 280.789948
129 280.741882
130 280.772156
131 280.772156
132 280.816681
133 280.788177
134 280.775726
135 280.773926
136 280.784607
137 280.770355
138 280.786407
139 280.768585
140 280.773926
141 280.761475
142 280.740082
143 280.770355
144 280.766815
145 280.713379
146 280.718719
147 280.667053
148 280.610046
149 280.606476
150 280.601135
151 280.536987
152 280.503113
153 280.481720
154 280.476379
155 280.456757
156 280.433594
157 280.463898
158 280.421112
159 280.408630
160 280.437164
161 280.430023
162 280.412201
163 280.442505
164 280.451416
165 280.442505
166 280.406860
167 280.460327
168 280.444305
169 280.437164
170 280.442505
171 280.421112
172 280.401489
173 280.422882
174 280.376526
175 280.374756
176 280.365845
177 280.374756
178 280.387238
179 280.405060
180 280.438934
181 280.472809
182 280.488861
183 280.471039
184 280.501343
185 280.526306
186 280.545898
187 280.569061
188 280.560150
189 280.576202
190 280.602936
191 280.615387
192 280.633209
193 280.659943
194 280.665283
195 280.667053
196 280.699127
197 280.722290
198 280.772156
199 280.741882
200 280.693787
time: 669.116 ms
