repeats: 200
dykstra: 100
gray: 1
level: 8
L: 3.4641
tau: 0.288675
sigma: 0.288675
lambda: 0.1
nu: 0.01
image: 128 x 128
1772290048 2146762752
1 256.113251
2 256.731384
3 249.094360
4 247.050598
5 242.668503
6 239.269730
7 235.709564
8 232.163742
9 229.802094
10 228.678818
11 228.453491
12 228.144684
13 227.888138
14 227.598328
15 227.292755
16 226.982376
17 226.755371
18 226.629654
19 226.536972
20 226.499451
21 226.536972
22 226.536972
23 226.512695
24 226.620834
25 226.695831
26 226.766403
27 226.764191
28 226.841354
29 226.865601
30 226.914078
31 226.980179
32 227.041840
33 227.180542
34 227.242157
35 227.281769
36 227.308167
37 227.369736
38 227.409317
39 227.418121
40 227.451096
41 227.459885
42 227.479675
43 227.508240
44 227.541199
45 227.593933
46 227.596130
47 227.545593
48 227.543396
49 227.532410
50 227.530212
51 227.492859
52 227.464279
53 227.477478
54 227.473068
55 227.415924
56 227.374146
57 227.334549
58 227.345551
59 227.356552
60 227.389526
61 227.396133
62 227.367538
63 227.402725
64 227.378540
65 227.378540
66 227.440109
67 227.429108
68 227.426910
69 227.475281
70 227.479675
71 227.475281
72 227.440109
73 227.404922
74 227.389526
75 227.402725
76 227.451096
77 227.448898
78 227.433502
79 227.433502
80 227.429108
81 227.347748
82 227.283966
83 227.310364
84 227.299362
85 227.224564
86 227.222351
87 227.297165
88 227.297165
89 227.360947
90 227.396133
91 227.393936
92 227.459885
93 227.459885
94 227.499451
95 227.508240
96 227.514832
97 227.488464
98 227.506042
99 227.453293
100 227.418121
101 227.389526
102 227.363144
103 227.330154
104 227.301559
105 227.288361
106 227.279556
107 227.290558
108 227.270767
109 227.255356
110 227.224564
111 227.211349
112 227.206955
113 227.248764
114 227.217957
115 227.176147
116 227.180542
117 227.209152
118 227.200348
119 227.184952
120 227.228958
121 227.259766
122 227.290558
123 227.288361
124 227.294968
125 227.259766
126 227.266357
127 227.279556
128 227.255356
129 227.231155
130 227.248764
131 227.270767
132 227.250961
133 227.248764
134 227.341156
135 227.354355
136 227.391739
137 227.378540
138 227.437897
139 227.426910
140 227.431305
141 227.424713
142 227.440109
143 227.464279
144 227.462082
145 227.437897
146 227.437897
147 227.409317
148 227.378540
149 227.371948
150 227.349945
151 227.354355
152 227.374146
153 227.387329
154 227.378540
155 227.380737
156 227.382935
157 227.396133
158 227.389526
159 227.424713
160 227.457687
161 227.444504
162 227.464279
163 227.448898
164 227.444504
165 227.378540
166 227.409317
167 227.422516
168 227.446701
169 227.422516
170 227.477478
171 227.517029
172 227.549988
173 227.499451
174 227.521423
175 227.534607
176 227.556580
177 227.536804
178 227.567566
179 227.569763
180 227.593933
181 227.587341
182 227.609314
183 227.602722
184 227.609314
185 227.655441
186 227.670822
187 227.631287
188 227.653244
189 227.640060
190 227.598328
191 227.576355
192 227.574158
193 227.574158
194 227.569763
195 227.578552
196 227.589539
197 227.585144
198 227.578552
199 227.576355
200 227.569763
time: 121160 ms
