repeats: 10000
gray: 1
level: 8
taux: 0.166667
taul: 1
sigmay: 0.0909091
sigmap: 1
lambda: 0.1
nu: 0.01
image: 128 x 128
GPU Memory: 2146762752 - 1891835904 = 254926848
1 253.911407
2 255.297867
3 251.936493
4 249.519531
5 248.935730
6 247.705475
7 246.487320
8 244.491302
9 244.149551
10 243.513855
11 242.408752
12 241.199081
13 240.570160
14 239.751953
15 239.056473
16 238.100815
17 236.966248
18 235.718048
19 234.294693
20 233.585098
21 232.894821
22 232.290771
23 231.862030
24 231.441132
25 231.274734
26 231.021637
27 230.826782
28 230.675095
29 230.549347
30 230.642578
31 230.727112
32 230.757446
33 231.008652
34 230.844101
35 230.924225
36 230.913406
37 230.837601
38 230.997833
39 230.774780
40 230.785614
41 230.688095
42 230.714111
43 230.783447
44 230.720612
45 230.590546
46 230.562363
47 230.460403
48 230.395309
49 230.267242
50 230.084763
51 229.913025
52 229.936951
53 229.965210
54 229.858658
55 229.701981
56 229.641022
57 229.699799
58 229.651917
59 229.597473
60 229.604004
61 229.551743
62 229.475494
63 229.438446
64 229.381775
65 229.414474
66 229.303299
67 229.283661
68 229.325104
69 229.231323
70 229.290207
71 229.268402
72 229.253128
73 229.298935
74 229.285843
75 229.309830
76 229.307648
77 229.277130
78 229.281479
79 229.290207
80 229.279312
81 229.235687
82 229.209518
83 229.165878
84 229.178970
85 229.161514
86 229.148422
87 229.117874
88 229.063309
89 229.078583
90 229.124420
91 229.087326
92 229.037109
93 229.037109
94 228.978165
95 228.965057
96 228.941040
97 228.934494
98 228.938858
99 228.951965
100 228.956329
101 228.919205
102 228.914825
103 228.886429
104 228.914825
105 228.879883
106 228.860214
107 228.853668
108 228.838364
109 228.879883
110 228.875519
111 228.879883
112 228.790298
113 228.783737
114 228.794662
115 228.768448
116 228.729095
117 228.691925
118 228.663513
119 228.604462
120 228.619766
121 228.597900
122 228.611023
123 228.602280
124 228.591339
125 228.626328
126 228.654755
127 228.578217
128 228.536652
129 228.595718
130 228.558533
131 228.558533
132 228.503830
133 228.538834
134 228.554153
135 228.556335
136 228.543213
137 228.560715
138 228.541031
139 228.562897
140 228.556335
141 228.571655
142 228.597900
143 228.560715
144 228.565094
145 228.630707
146 228.624146
147 228.687561
148 228.757507
149 228.761887
150 228.768448
151 228.847107
152 228.888626
153 228.914825
154 228.921387
155 228.945404
156 228.973801
157 228.936676
158 228.989090
159 229.004364
160 228.969437
161 228.978165
162 229.000000
163 228.962875
164 228.951965
165 228.962875
166 229.006546
167 228.941040
168 228.960693
169 228.969437
170 228.962875
171 228.989090
172 229.013107
173 228.986893
174 229.043671
175 229.045853
176 229.056763
177 229.045853
178 229.030563
179 229.008728
180 228.967239
181 228.925751
182 228.906097
183 228.927933
184 228.890808
185 228.860214
186 228.836182
187 228.807785
188 228.818710
189 228.799042
190 228.766251
191 228.750961
192 228.729095
193 228.696304
194 228.689743
195 228.687561
196 228.648209
197 228.619766
198 228.558533
199 228.595718
200 228.654755
201 228.624146
202 228.632889
203 228.630707
204 228.637268
205 228.632889
206 228.597900
207 228.628525
208 228.593521
209 228.571655
210 228.586960
211 228.635086
212 228.617584
213 228.613205
214 228.576019
215 228.615402
216 228.565094
217 228.589157
218 228.589157
219 228.611023
220 228.608841
221 228.600082
222 228.615402
223 228.652573
224 228.578217
225 228.538834
226 228.508209
227 228.519150
228 228.538834
229 228.530090
230 228.536652
231 228.549774
232 228.541031
233 228.569458
234 228.512589
235 228.534454
236 228.545395
237 228.536652
238 228.514771
239 228.532272
240 228.545395
241 228.499451
242 228.523529
243 228.532272
244 228.541031
245 228.538834
246 228.554153
247 228.521332
248 228.565094
249 228.565094
250 228.492889
251 228.486328
252 228.464432
253 228.396591
254 228.372498
255 228.387833
256 228.333084
257 228.352798
258 228.352798
259 228.365936
260 228.383453
261 228.383453
262 228.376877
263 228.354980
264 228.348419
265 228.337463
266 228.326523
267 228.302429
268 228.291473
269 228.319946
270 228.289291
271 228.249863
272 228.276154
273 228.276154
274 228.309006
275 228.295868
276 228.306808
277 228.298050
278 228.328705
279 228.269577
280 228.258621
281 228.267380
282 228.225769
283 228.206055
284 228.234528
285 228.260818
286 228.276154
287 228.278336
288 228.295868
289 228.298050
290 228.225769
291 228.197281
292 228.201660
293 228.223572
294 228.223572
295 228.238907
296 228.131546
297 228.179749
298 228.166611
299 228.170990
300 228.157837
301 228.164413
302 228.184143
303 228.192902
304 228.230148
305 228.186325
306 228.195099
307 228.221390
308 228.225769
309 228.216995
310 228.201660
311 228.216995
312 228.252060
313 228.249863
314 228.280533
315 228.199478
316 228.157837
317 228.114014
318 228.129349
319 228.096466
320 228.083313
321 228.087708
322 228.107437
323 228.083313
324 228.078934
325 228.100861
326 228.107437
327 228.129349
328 228.135925
329 228.157837
330 228.100861
331 228.092087
332 228.105240
333 228.057007
334 228.013153
335 228.013153
336 228.008774
337 227.982452
338 228.000000
339 228.114014
340 228.127151
341 228.157837
342 228.221390
343 228.236725
344 228.234528
345 228.254242
346 228.238907
347 228.282715
348 228.306808
349 228.282715
350 228.247665
351 228.295868
352 228.265198
353 228.247665
354 228.267380
355 228.254242
356 228.216995
357 228.293671
358 228.295868
359 228.300247
360 228.368118
361 228.365936
362 228.341843
363 228.346222
364 228.420670
365 228.357178
366 228.363739
367 228.333084
368 228.361557
369 228.387833
370 228.387833
371 228.403152
372 228.442551
373 228.468811
374 228.446930
375 228.444748
376 228.466629
377 228.481949
378 228.488510
379 228.514771
380 228.475388
381 228.525711
382 228.576019
383 228.584778
384 228.582596
385 228.611023
386 228.637268
387 228.646011
388 228.628525
389 228.667877
390 228.665695
391 228.665695
392 228.659134
393 228.691925
394 228.656952
395 228.646011
396 228.656952
397 228.646011
398 228.676620
399 228.678818
400 228.670074
401 228.630707
402 228.604462
403 228.560715
404 228.586960
405 228.591339
406 228.608841
407 228.617584
408 228.621964
409 228.602280
410 228.584778
411 228.549774
412 228.547592
413 228.562897
414 228.562897
415 228.556335
416 228.534454
417 228.554153
418 228.573837
419 228.556335
420 228.556335
421 228.560715
422 228.558533
423 228.523529
424 228.514771
425 228.532272
426 228.534454
427 228.503830
428 228.514771
429 228.475388
430 228.431610
431 228.376877
432 228.365936
433 228.361557
434 228.379074
435 228.365936
436 228.359360
437 228.363739
438 228.370316
439 228.368118
440 228.374695
441 228.354980
442 228.354980
443 228.333084
444 228.348419
445 228.339661
446 228.363739
447 228.354980
448 228.363739
449 228.385635
450 228.365936
451 228.368118
452 228.365936
453 228.379074
454 228.385635
455 228.403152
456 228.429413
457 228.453491
458 228.444748
459 228.442551
460 228.473190
461 228.473190
462 228.444748
463 228.442551
464 228.433792
465 228.409714
466 228.392212
467 228.390015
468 228.376877
469 228.387833
470 228.354980
471 228.374695
472 228.341843
473 228.354980
474 228.363739
475 228.372498
476 228.363739
477 228.337463
478 228.348419
479 228.337463
480 228.339661
481 228.326523
482 228.278336
483 228.280533
484 228.258621
485 228.269577
486 228.216995
487 228.216995
488 228.232330
489 228.206055
490 228.170990
491 228.186325
492 228.190704
493 228.151260
494 228.129349
495 228.129349
496 228.122772
497 228.118393
498 228.166611
499 228.190704
500 228.203857
501 228.216995
502 228.212616
503 228.216995
504 228.232330
505 228.234528
506 228.238907
507 228.249863
508 228.260818
509 228.256439
510 228.260818
511 228.276154
512 228.267380
513 228.230148
514 228.232330
515 228.192902
516 228.173187
517 228.179749
518 228.162216
519 228.138123
520 228.100861
521 228.081131
522 228.059204
523 228.061401
524 228.041656
525 228.057007
526 228.070160
527 228.092087
528 228.094284
529 228.076736
530 228.074554
531 228.065781
532 228.092087
533 228.096466
534 228.078934
535 228.063583
536 228.063583
537 228.085510
538 228.094284
539 228.124969
540 228.111816
541 228.129349
542 228.162216
543 228.142502
544 228.144684
545 228.149078
546 228.118393
547 228.124969
548 228.144684
549 228.146881
550 228.142502
551 228.168793
552 228.131546
553 228.116196
554 228.116196
555 228.120575
556 228.120575
557 228.133728
558 228.135925
559 228.149078
560 228.127151
561 228.142502
562 228.118393
563 228.124969
564 228.107437
565 228.105240
566 228.087708
567 228.067978
568 228.052628
569 228.013153
570 228.024124
571 228.017548
572 228.000000
573 228.017548
574 227.984650
575 228.006577
576 228.006577
577 228.006577
578 228.004379
579 227.991226
580 227.949554
581 227.934204
582 227.945175
583 227.929810
584 227.929810
585 227.936401
586 227.912262
587 227.923233
588 227.936401
589 227.925430
590 227.896912
591 227.921036
592 227.916656
593 227.905685
594 227.921036
595 227.932007
596 227.912262
597 227.879349
598 227.874969
599 227.861801
600 227.848633
601 227.844238
602 227.870575
603 227.879349
604 227.905685
605 227.936401
606 227.945175
607 227.923233
608 227.872772
609 227.912262
610 227.912262
611 227.912262
612 227.925430
613 227.947357
614 227.921036
615 227.874969
616 227.866196
617 227.872772
618 227.872772
619 227.888138
620 227.879349
621 227.872772
622 227.896912
623 227.914459
624 227.921036
625 227.912262
626 227.960526
627 227.940781
628 227.949554
629 227.945175
630 227.949554
631 227.984650
632 227.975876
633 227.991226
634 227.995621
635 227.993423
636 228.037277
637 228.076736
638 228.061401
639 228.057007
640 228.070160
641 228.109619
642 228.122772
643 228.144684
644 228.149078
645 228.149078
646 228.175369
647 228.188522
648 228.166611
649 228.175369
650 228.190704
651 228.208237
652 228.188522
653 228.230148
654 228.245483
655 228.190704
656 228.197281
657 228.186325
658 228.175369
659 228.179749
660 228.192902
661 228.214813
662 228.232330
663 228.243286
664 228.263000
665 228.269577
666 228.282715
667 228.278336
668 228.295868
669 228.309006
670 228.337463
671 228.324326
672 228.348419
673 228.372498
674 228.363739
675 228.392212
676 228.435989
677 228.427231
678 228.455688
679 228.477570
680 228.503830
681 228.508209
682 228.538834
683 228.565094
684 228.595718
685 228.639450
686 228.659134
687 228.672256
688 228.685379
689 228.689743
690 228.696304
691 228.724731
692 228.698486
693 228.667877
694 228.670074
695 228.698486
696 228.711609
697 228.726913
698 228.744400
699 228.731277
700 228.750961
701 228.770630
702 228.759705
703 228.757507
704 228.772812
705 228.755325
706 228.737839
707 228.750961
708 228.764069
709 228.740021
710 228.740021
711 228.729095
712 228.737839
713 228.715988
714 228.718170
715 228.709427
716 228.700684
717 228.700684
718 228.711609
719 228.724731
720 228.735657
721 228.715988
722 228.718170
723 228.733475
724 228.744400
725 228.744400
726 228.737839
727 228.718170
728 228.746582
729 228.759705
730 228.753143
731 228.770630
732 228.781555
733 228.766251
734 228.740021
735 228.742218
736 228.761887
737 228.750961
738 228.761887
739 228.753143
740 228.766251
741 228.753143
742 228.746582
743 228.781555
744 228.816513
745 228.809967
746 228.803406
747 228.792480
748 228.805588
749 228.825256
750 228.836182
751 228.823074
752 228.831818
753 228.868958
754 228.908279
755 228.927933
756 228.903915
757 228.945404
758 228.943222
759 228.978165
760 228.960693
761 228.980347
762 229.019653
763 229.021835
764 229.034927
765 229.078583
766 229.089508
767 229.076401
768 229.098236
769 229.091690
770 229.082962
771 229.117874
772 229.137512
773 229.137512
774 229.087326
775 229.061127
776 229.078583
777 229.087326
778 229.111328
779 229.117874
780 229.109146
781 229.089508
782 229.080765
783 229.113510
784 229.109146
785 229.109146
786 229.115692
787 229.111328
788 229.122238
789 229.141876
790 229.150604
791 229.150604
792 229.159332
793 229.170242
794 229.196426
795 229.237869
796 229.222595
797 229.264038
798 229.296753
799 229.296753
800 229.305466
801 229.309830
802 229.331635
803 229.327271
804 229.333817
805 229.307648
806 229.325104
807 229.342545
808 229.349075
809 229.333817
810 229.331635
811 229.353439
812 229.362152
813 229.370880
814 229.359985
815 229.353439
816 229.351257
817 229.331635
818 229.340363
819 229.335999
820 229.338181
821 229.368698
822 229.381775
823 229.366516
824 229.383957
825 229.388321
826 229.386139
827 229.364334
828 229.346893
829 229.349075
830 229.355621
831 229.349075
832 229.364334
833 229.357803
834 229.375244
835 229.368698
836 229.349075
837 229.340363
838 229.329453
839 229.322922
840 229.318558
841 229.298935
842 229.309830
843 229.333817
844 229.344711
845 229.359985
846 229.368698
847 229.375244
848 229.355621
849 229.355621
850 229.401398
851 229.410110
852 229.425369
853 229.418839
854 229.421005
855 229.429733
856 229.425369
857 229.458054
858 229.462418
859 229.471130
860 229.488556
861 229.503815
862 229.486389
863 229.497284
864 229.516891
865 229.543030
866 229.562622
867 229.588760
868 229.619247
869 229.619247
870 229.608368
871 229.590942
872 229.564804
873 229.577881
874 229.595291
875 229.621429
876 229.614899
877 229.608368
878 229.606186
879 229.599655
880 229.597473
881 229.617065
882 229.630142
883 229.641022
884 229.647552
885 229.651917
886 229.641022
887 229.658447
888 229.662796
889 229.667145
890 229.680206
891 229.699799
892 229.741165
893 229.732452
894 229.738983
895 229.752045
896 229.738983
897 229.738983
898 229.743332
899 229.758575
900 229.769455
901 229.771622
902 229.767273
903 229.765091
904 229.771622
905 229.775970
906 229.762924
907 229.760742
908 229.782501
909 229.789032
910 229.765091
911 229.760742
912 229.765091
913 229.760742
914 229.769455
915 229.808609
916 229.810791
917 229.836899
918 229.830368
919 229.845596
920 229.843430
921 229.830368
922 229.828201
923 229.860825
924 229.836899
925 229.832550
926 229.845596
927 229.841248
928 229.839081
929 229.841248
930 229.863007
931 229.876053
932 229.882584
933 229.889099
934 229.908676
935 229.963043
936 229.976089
937 229.969559
938 229.993484
939 230.015213
940 230.045654
941 230.071732
942 230.082596
943 230.076080
944 230.049988
945 230.073898
946 230.095627
947 230.089111
948 230.113022
949 230.147781
950 230.191223
951 230.221634
952 230.247696
953 230.262894
954 230.271576
955 230.288956
956 230.280258
957 230.301971
958 230.288956
959 230.284607
960 230.304153
961 230.291122
962 230.273743
963 230.308487
964 230.293289
965 230.271576
966 230.241180
967 230.247696
968 230.230316
969 230.223801
970 230.239014
971 230.254211
972 230.269409
973 230.284607
974 230.286774
975 230.288956
976 230.310654
977 230.328033
978 230.367096
979 230.382294
980 230.371445
981 230.345398
982 230.345398
983 230.323685
984 230.306320
985 230.278091
986 230.278091
987 230.232498
988 230.232498
989 230.256378
990 230.239014
991 230.193390
992 230.189056
993 230.171677
994 230.193390
995 230.208603
996 230.225983
997 230.236832
998 230.265060
999 230.280258
1000 230.269409
1001 230.269409
1002 230.252029
1003 230.225983
1004 230.204254
1005 230.236832
1006 230.232498
1007 230.241180
1008 230.241180
1009 230.221634
1010 230.236832
1011 230.247696
1012 230.254211
1013 230.249863
1014 230.262894
1015 230.234665
1016 230.210770
1017 230.228149
1018 230.273743
1019 230.297638
1020 230.265060
1021 230.234665
1022 230.260727
1023 230.275925
1024 230.254211
1025 230.278091
1026 230.269409
1027 230.247696
1028 230.223801
1029 230.217285
1030 230.212952
1031 230.217285
1032 230.204254
1033 230.217285
1034 230.210770
1035 230.197739
1036 230.178192
1037 230.173843
1038 230.154297
1039 230.147781
1040 230.145599
1041 230.113022
1042 230.106491
1043 230.097809
1044 230.093460
1045 230.086945
1046 230.069550
1047 230.069550
1048 230.039124
1049 230.028259
1050 230.017395
1051 229.991302
1052 229.984787
1053 229.976089
1054 229.934769
1055 229.913025
1056 229.893448
1057 229.869522
1058 229.867355
1059 229.869522
1060 229.852127
1061 229.841248
1062 229.841248
1063 229.839081
1064 229.821671
1065 229.815140
1066 229.821671
1067 229.828201
1068 229.799911
1069 229.815140
1070 229.799911
1071 229.784683
1072 229.823853
1073 229.828201
1074 229.832550
1075 229.843430
1076 229.823853
1077 229.826019
1078 229.830368
1079 229.834717
1080 229.839081
1081 229.836899
1082 229.847778
1083 229.865173
1084 229.873871
1085 229.873871
1086 229.876053
1087 229.856476
1088 229.830368
1089 229.836899
1090 229.834717
1091 229.858658
1092 229.878235
1093 229.867355
1094 229.878235
1095 229.880402
1096 229.882584
1097 229.865173
1098 229.869522
1099 229.863007
1100 229.867355
1101 229.849945
1102 229.854309
1103 229.826019
1104 229.808609
1105 229.793381
1106 229.812973
1107 229.826019
1108 229.856476
1109 229.876053
1110 229.893448
1111 229.889099
1112 229.889099
1113 229.910858
1114 229.915207
1115 229.906509
1116 229.913025
1117 229.923904
1118 229.947815
1119 229.941299
1120 229.932602
1121 229.906509
1122 229.915207
1123 229.945648
1124 229.965210
1125 229.936951
1126 229.958694
1127 229.989136
1128 229.991302
1129 230.028259
1130 230.030426
1131 230.049988
1132 230.063034
1133 230.091293
1134 230.078247
1135 230.073898
1136 230.056519
1137 230.102158
1138 230.139084
1139 230.145599
1140 230.143433
1141 230.156464
1142 230.160812
1143 230.189056
1144 230.178192
1145 230.178192
1146 230.158646
1147 230.152130
1148 230.162979
1149 230.158646
1150 230.171677
1151 230.169510
1152 230.156464
1153 230.143433
1154 230.143433
1155 230.113022
1156 230.102158
1157 230.082596
1158 230.084763
1159 230.082596
1160 230.084763
1161 230.086945
1162 230.069550
1163 230.089111
1164 230.093460
1165 230.071732
1166 230.084763
1167 230.106491
1168 230.136917
1169 230.158646
1170 230.160812
1171 230.145599
1172 230.169510
1173 230.154297
1174 230.147781
1175 230.136917
1176 230.136917
1177 230.189056
1178 230.215118
1179 230.234665
1180 230.239014
1181 230.241180
1182 230.247696
1183 230.282440
1184 230.297638
1185 230.286774
1186 230.293289
1187 230.315002
1188 230.334534
1189 230.330200
1190 230.338882
1191 230.349731
1192 230.358414
1193 230.375778
1194 230.375778
1195 230.386627
1196 230.397476
1197 230.425690
1198 230.419189
1199 230.438705
1200 230.443054
1201 230.432205
1202 230.436539
1203 230.425690
1204 230.447388
1205 230.469086
1206 230.475601
1207 230.466919
1208 230.477768
1209 230.453903
1210 230.443054
1211 230.449554
1212 230.451736
1213 230.451736
1214 230.460403
1215 230.471252
1216 230.484268
1217 230.479935
1218 230.477768
1219 230.488617
1220 230.488617
1221 230.473419
1222 230.479935
1223 230.499451
1224 230.503799
1225 230.484268
1226 230.486435
1227 230.473419
1228 230.460403
1229 230.430038
1230 230.438705
1231 230.427856
1232 230.419189
1233 230.419189
1234 230.423523
1235 230.419189
1236 230.430038
1237 230.395309
1238 230.406158
1239 230.414841
1240 230.414841
1241 230.401825
1242 230.393143
1243 230.412674
1244 230.403992
1245 230.417007
1246 230.430038
1247 230.447388
1248 230.451736
1249 230.447388
1250 230.458237
1251 230.449554
1252 230.432205
1253 230.443054
1254 230.438705
1255 230.427856
1256 230.458237
1257 230.473419
1258 230.471252
1259 230.503799
1260 230.497284
1261 230.505966
1262 230.534164
1263 230.529831
1264 230.514648
1265 230.523315
1266 230.536331
1267 230.542831
1268 230.527649
1269 230.518982
1270 230.497284
1271 230.486435
1272 230.484268
1273 230.473419
1274 230.492950
1275 230.482101
1276 230.523315
1277 230.516815
1278 230.518982
1279 230.523315
1280 230.510300
1281 230.492950
1282 230.475601
1283 230.469086
1284 230.447388
1285 230.427856
1286 230.423523
1287 230.432205
1288 230.412674
1289 230.423523
1290 230.397476
1291 230.373611
1292 230.349731
1293 230.347565
1294 230.343216
1295 230.351898
1296 230.338882
1297 230.351898
1298 230.351898
1299 230.362762
1300 230.367096
1301 230.375778
1302 230.419189
1303 230.414841
1304 230.425690
1305 230.430038
1306 230.436539
1307 230.436539
1308 230.399658
1309 230.410507
1310 230.419189
1311 230.434372
1312 230.447388
1313 230.482101
1314 230.492950
1315 230.464752
1316 230.471252
1317 230.479935
1318 230.490784
1319 230.516815
1320 230.503799
1321 230.516815
1322 230.505966
1323 230.488617
1324 230.490784
1325 230.486435
1326 230.501633
1327 230.490784
1328 230.490784
1329 230.479935
1330 230.460403
1331 230.462585
1332 230.462585
1333 230.451736
1334 230.453903
1335 230.453903
1336 230.432205
1337 230.436539
1338 230.451736
1339 230.449554
1340 230.438705
1341 230.449554
1342 230.466919
1343 230.473419
1344 230.484268
1345 230.469086
1346 230.475601
1347 230.473419
1348 230.477768
1349 230.501633
1350 230.536331
1351 230.529831
1352 230.534164
1353 230.531998
1354 230.564529
1355 230.588379
1356 230.594879
1357 230.607895
1358 230.586212
1359 230.612228
1360 230.620895
1361 230.636078
1362 230.653427
1363 230.636078
1364 230.631744
1365 230.638245
1366 230.666428
1367 230.685928
1368 230.696777
1369 230.685928
1370 230.703278
1371 230.694611
1372 230.655594
1373 230.636078
1374 230.636078
1375 230.633911
1376 230.618729
1377 230.610062
1378 230.575363
1379 230.599213
1380 230.588379
1381 230.560181
1382 230.551514
1383 230.558014
1384 230.562363
1385 230.547180
1386 230.540665
1387 230.523315
1388 230.521149
1389 230.514648
1390 230.486435
1391 230.495117
1392 230.501633
1393 230.477768
1394 230.497284
1395 230.516815
1396 230.529831
1397 230.529831
1398 230.540665
1399 230.516815
1400 230.495117
1401 230.497284
1402 230.475601
1403 230.451736
1404 230.436539
1405 230.460403
1406 230.440887
1407 230.408340
1408 230.421356
1409 230.393143
1410 230.390976
1411 230.358414
1412 230.317169
1413 230.310654
1414 230.295456
1415 230.295456
1416 230.297638
1417 230.297638
1418 230.308487
1419 230.323685
1420 230.308487
1421 230.304153
1422 230.310654
1423 230.299805
1424 230.338882
1425 230.388809
1426 230.380127
1427 230.380127
1428 230.403992
1429 230.403992
1430 230.417007
1431 230.430038
1432 230.430038
1433 230.434372
1434 230.443054
1435 230.490784
1436 230.516815
1437 230.523315
1438 230.529831
1439 230.534164
1440 230.547180
1441 230.577530
1442 230.577530
1443 230.597046
1444 230.623062
1445 230.627411
1446 230.646912
1447 230.681595
1448 230.688095
1449 230.677261
1450 230.659927
1451 230.642578
1452 230.636078
1453 230.636078
1454 230.631744
1455 230.597046
1456 230.568863
1457 230.584045
1458 230.599213
1459 230.612228
1460 230.618729
1461 230.644745
1462 230.649078
1463 230.664261
1464 230.649078
1465 230.662094
1466 230.653427
1467 230.640411
1468 230.638245
1469 230.623062
1470 230.612228
1471 230.586212
1472 230.584045
1473 230.597046
1474 230.594879
1475 230.584045
1476 230.588379
1477 230.610062
1478 230.620895
1479 230.651245
1480 230.633911
1481 230.664261
1482 230.662094
1483 230.666428
1484 230.655594
1485 230.655594
1486 230.646912
1487 230.659927
1488 230.657761
1489 230.685928
1490 230.707611
1491 230.714111
1492 230.724945
1493 230.711945
1494 230.714111
1495 230.696777
1496 230.668594
1497 230.655594
1498 230.659927
1499 230.668594
1500 230.685928
1501 230.683762
1502 230.701111
1503 230.698944
1504 230.727112
1505 230.720612
1506 230.740112
1507 230.735779
1508 230.740112
1509 230.766113
1510 230.792114
1511 230.768280
1512 230.737946
1513 230.729279
1514 230.731445
1515 230.714111
1516 230.716278
1517 230.701111
1518 230.662094
1519 230.631744
1520 230.618729
1521 230.601395
1522 230.607895
1523 230.605728
1524 230.594879
1525 230.614395
1526 230.610062
1527 230.614395
1528 230.612228
1529 230.616562
1530 230.610062
1531 230.614395
1532 230.638245
1533 230.607895
1534 230.592712
1535 230.601395
1536 230.644745
1537 230.649078
1538 230.642578
1539 230.627411
1540 230.638245
1541 230.653427
1542 230.664261
1543 230.649078
1544 230.631744
1545 230.601395
1546 230.592712
1547 230.579697
1548 230.555847
1549 230.527649
1550 230.514648
1551 230.497284
1552 230.488617
1553 230.490784
1554 230.523315
1555 230.505966
1556 230.492950
1557 230.495117
1558 230.497284
1559 230.516815
1560 230.501633
1561 230.516815
1562 230.536331
1563 230.536331
1564 230.514648
1565 230.499451
1566 230.497284
1567 230.475601
1568 230.456070
1569 230.464752
1570 230.462585
1571 230.492950
1572 230.527649
1573 230.529831
1574 230.514648
1575 230.547180
1576 230.558014
1577 230.545013
1578 230.503799
1579 230.508133
1580 230.510300
1581 230.471252
1582 230.464752
1583 230.440887
1584 230.425690
1585 230.453903
1586 230.466919
1587 230.438705
1588 230.399658
1589 230.382294
1590 230.390976
1591 230.386627
1592 230.395309
1593 230.403992
1594 230.410507
1595 230.395309
1596 230.390976
1597 230.386627
1598 230.432205
1599 230.436539
1600 230.432205
1601 230.447388
1602 230.438705
1603 230.430038
1604 230.430038
1605 230.417007
1606 230.403992
1607 230.397476
1608 230.388809
1609 230.386627
1610 230.369263
1611 230.349731
1612 230.351898
1613 230.349731
1614 230.328033
1615 230.358414
1616 230.364929
1617 230.377945
1618 230.377945
1619 230.393143
1620 230.373611
1621 230.360580
1622 230.364929
1623 230.386627
1624 230.390976
1625 230.427856
1626 230.436539
1627 230.432205
1628 230.417007
1629 230.393143
1630 230.410507
1631 230.417007
1632 230.410507
1633 230.440887
1634 230.430038
1635 230.464752
1636 230.449554
1637 230.453903
1638 230.451736
1639 230.436539
1640 230.458237
1641 230.451736
1642 230.466919
1643 230.469086
1644 230.466919
1645 230.469086
1646 230.475601
1647 230.462585
1648 230.443054
1649 230.456070
1650 230.449554
1651 230.443054
1652 230.414841
1653 230.417007
1654 230.397476
1655 230.406158
1656 230.393143
1657 230.393143
1658 230.373611
1659 230.364929
1660 230.351898
1661 230.332367
1662 230.317169
1663 230.304153
1664 230.282440
1665 230.252029
1666 230.230316
1667 230.186874
1668 230.186874
1669 230.162979
1670 230.169510
1671 230.147781
1672 230.128220
1673 230.121704
1674 230.108673
1675 230.097809
1676 230.126053
1677 230.110840
1678 230.110840
1679 230.065201
1680 230.049988
1681 230.052170
1682 230.006516
1683 230.010864
1684 230.008698
1685 230.010864
1686 230.034775
1687 230.032608
1688 230.013046
1689 230.028259
1690 230.043472
1691 230.041306
1692 230.080414
1693 230.089111
1694 230.108673
1695 230.115189
1696 230.104324
1697 230.115189
1698 230.113022
1699 230.084763
1700 230.052170
1701 230.065201
1702 230.073898
1703 230.056519
1704 230.080414
1705 230.099976
1706 230.119537
1707 230.130402
1708 230.110840
1709 230.102158
1710 230.139084
1711 230.136917
1712 230.139084
1713 230.128220
1714 230.119537
1715 230.093460
1716 230.099976
1717 230.052170
1718 230.028259
1719 230.030426
1720 230.036957
1721 230.043472
1722 230.019562
1723 229.989136
1724 229.984787
1725 229.936951
1726 229.936951
1727 229.956512
1728 229.958694
1729 229.969559
1730 229.921722
1731 229.906509
1732 229.889099
1733 229.880402
1734 229.889099
1735 229.902161
1736 229.891281
1737 229.906509
1738 229.863007
1739 229.841248
1740 229.847778
1741 229.834717
1742 229.834717
1743 229.867355
1744 229.858658
1745 229.854309
1746 229.858658
1747 229.860825
1748 229.876053
1749 229.873871
1750 229.852127
1751 229.882584
1752 229.878235
1753 229.856476
1754 229.843430
1755 229.830368
1756 229.823853
1757 229.819489
1758 229.819489
1759 229.832550
1760 229.808609
1761 229.804260
1762 229.804260
1763 229.804260
1764 229.791214
1765 229.769455
1766 229.786865
1767 229.799911
1768 229.780334
1769 229.810791
1770 229.815140
1771 229.815140
1772 229.812973
1773 229.812973
1774 229.826019
1775 229.808609
1776 229.808609
1777 229.804260
1778 229.795563
1779 229.782501
1780 229.795563
1781 229.786865
1782 229.784683
1783 229.793381
1784 229.780334
1785 229.773804
1786 229.784683
1787 229.786865
1788 229.775970
1789 229.752045
1790 229.745514
1791 229.738983
1792 229.752045
1793 229.756393
1794 229.749863
1795 229.749863
1796 229.762924
1797 229.791214
1798 229.784683
1799 229.775970
1800 229.784683
1801 229.791214
1802 229.769455
1803 229.760742
1804 229.749863
1805 229.725922
1806 229.728104
1807 229.719391
1808 229.743332
1809 229.728104
1810 229.741165
1811 229.738983
1812 229.752045
1813 229.745514
1814 229.754211
1815 229.760742
1816 229.760742
1817 229.743332
1818 229.734634
1819 229.743332
1820 229.749863
1821 229.760742
1822 229.749863
1823 229.730270
1824 229.738983
1825 229.756393
1826 229.760742
1827 229.784683
1828 229.760742
1829 229.741165
1830 229.771622
1831 229.797745
1832 229.802094
1833 229.769455
1834 229.758575
1835 229.769455
1836 229.802094
1837 229.799911
1838 229.780334
1839 229.789032
1840 229.791214
1841 229.804260
1842 229.815140
1843 229.804260
1844 229.817322
1845 229.823853
1846 229.834717
1847 229.819489
1848 229.812973
1849 229.810791
1850 229.802094
1851 229.784683
1852 229.756393
1853 229.786865
1854 229.778152
1855 229.793381
1856 229.784683
1857 229.782501
1858 229.756393
1859 229.780334
1860 229.760742
1861 229.754211
1862 229.786865
1863 229.789032
1864 229.806442
1865 229.826019
1866 229.830368
1867 229.834717
1868 229.812973
1869 229.823853
1870 229.841248
1871 229.860825
1872 229.832550
1873 229.836899
1874 229.845596
1875 229.839081
1876 229.830368
1877 229.832550
1878 229.832550
1879 229.834717
1880 229.826019
1881 229.815140
1882 229.812973
1883 229.826019
1884 229.826019
1885 229.834717
1886 229.823853
1887 229.806442
1888 229.797745
1889 229.782501
1890 229.782501
1891 229.795563
1892 229.793381
1893 229.808609
1894 229.789032
1895 229.780334
1896 229.778152
1897 229.765091
1898 229.747681
1899 229.721573
1900 229.699799
1901 229.697632
1902 229.680206
1903 229.704163
1904 229.704163
1905 229.701981
1906 229.699799
1907 229.691101
1908 229.706329
1909 229.710693
1910 229.732452
1911 229.738983
1912 229.762924
1913 229.747681
1914 229.717224
1915 229.721573
1916 229.719391
1917 229.697632
1918 229.671509
1919 229.651917
1920 229.654083
1921 229.660614
1922 229.643204
1923 229.647552
1924 229.647552
1925 229.649734
1926 229.645386
1927 229.636673
1928 229.634491
1929 229.625778
1930 229.604004
1931 229.636673
1932 229.632309
1933 229.630142
1934 229.619247
1935 229.595291
1936 229.601822
1937 229.608368
1938 229.630142
1939 229.641022
1940 229.654083
time: 6461 ms
