1 414.158173
2 375.691376
3 357.092438
4 359.247833
5 359.243652
6 359.321594
7 359.304871
8 358.724121
9 358.867676
10 359.073822
11 359.005585
12 359.142029
13 359.126709
14 359.204681
15 359.207458
16 359.083557
17 359.161530
18 359.068237
19 359.073822
20 359.115570
21 359.112793
22 359.101654
23 359.146210
24 359.143433
25 359.144806
26 359.130890
27 359.203278
28 359.208862
29 359.153168
30 359.206055
31 359.144806
32 359.214417
33 359.189362
34 359.171265
35 359.168488
36 359.174042
37 359.277039
38 359.296539
39 359.311829
40 359.240875
41 359.286804
42 359.254791
43 359.148987
44 359.161530
45 359.154572
46 359.151764
47 359.185181
48 359.153168
49 359.091919
50 359.175446
51 359.111389
52 359.094696
53 359.065460
54 359.112793
55 359.130890
56 359.158752
57 359.204681
58 359.228333
59 359.133667
60 359.194946
61 359.154572
62 359.203278
63 359.114197
64 359.006958
65 358.993042
66 358.955414
67 358.877411
68 358.838409
69 358.765930
70 358.719940
71 358.655823
72 358.616791
73 358.587494
74 358.594482
75 358.597260
76 358.605621
77 358.594482
78 358.572174
79 358.608429
80 358.574951
81 358.588898
82 358.593079
83 358.580536
84 358.538696
85 358.581940
86 358.547058
87 358.563812
88 358.534515
89 358.552643
90 358.526154
91 358.572174
92 358.602844
93 358.605621
94 358.633514
95 358.660004
96 358.703217
97 358.700439
98 358.678131
99 358.653046
100 358.671173
101 358.650238
102 358.640503
103 358.651642
104 358.602844
105 358.569366
106 358.580536
107 358.563812
108 358.618195
109 358.650238
110 358.653046
111 358.595886
112 358.633514
113 358.614014
114 358.586121
115 358.633514
116 358.594482
117 358.552643
118 358.545685
119 358.584717
120 358.609802
121 358.630737
122 358.641876
123 358.632111
124 358.651642
125 358.609802
126 358.664185
127 358.651642
128 358.668365
129 358.604248
130 358.587494
131 358.572174
132 358.594482
133 358.528931
134 358.551239
135 358.605621
136 358.614014
137 358.586121
138 358.668365
139 358.648865
140 358.703217
141 358.676727
142 358.650238
143 358.668365
144 358.675354
145 358.661407
146 358.644684
147 358.666962
148 358.710175
149 358.726929
150 358.707397
151 358.648865
152 358.616791
153 358.600067
154 358.598663
155 358.609802
156 358.626556
157 358.640503
158 358.651642
159 358.604248
160 358.651642
161 358.627930
162 358.639099
163 358.661407
164 358.676727
165 358.643280
166 358.627930
167 358.633514
168 358.600067
169 358.609802
170 358.626556
171 358.583313
172 358.593079
173 358.605621
174 358.567993
175 358.565186
176 358.594482
177 358.609802
178 358.601440
179 358.574951
180 358.579132
181 358.590302
182 358.576355
183 358.558228
184 358.551239
185 358.534515
186 358.537292
187 358.526154
188 358.466187
189 358.448029
190 358.471771
191 358.501038
192 358.558228
193 358.516388
194 358.503845
195 358.526154
196 358.544281
197 358.565186
198 358.567993
199 358.600067
200 358.583313
201 358.590302
202 358.607025
203 358.569366
204 358.566589
205 358.561005
206 358.577759
207 358.567993
208 358.544281
209 358.547058
210 358.567993
211 358.544281
212 358.587494
213 358.590302
214 358.563812
215 358.572174
216 358.534515
217 358.533112
218 358.541504
219 358.528931
220 358.526154
221 358.534515
222 358.544281
223 358.583313
224 358.594482
225 358.570770
226 358.570770
227 358.570770
228 358.591675
229 358.591675
230 358.558228
231 358.583313
232 358.573578
233 358.565186
234 358.572174
235 358.598663
236 358.567993
237 358.574951
238 358.595886
239 358.619568
240 358.669769
241 358.660004
242 358.664185
243 358.662781
244 358.614014
245 358.597260
246 358.593079
247 358.604248
248 358.565186
249 358.570770
250 358.581940
251 358.577759
252 358.639099
253 358.651642
254 358.625153
255 358.614014
256 358.622375
257 358.602844
258 358.558228
259 358.570770
260 358.616791
261 358.574951
262 358.590302
263 358.584717
264 358.558228
265 358.551239
266 358.537292
267 358.549866
268 358.537292
269 358.523346
270 358.559631
271 358.517792
272 358.501038
273 358.480133
274 358.512207
275 358.471771
276 358.474548
277 358.499664
278 358.467560
279 358.438293
280 358.459198
281 358.442474
282 358.414551
283 358.425720
284 358.400604
285 358.425720
286 358.375488
287 358.388062
288 358.358765
289 358.358765
290 358.350372
291 358.322479
292 358.279236
293 358.309937
294 358.340607
295 358.312714
296 358.300140
297 358.312714
298 358.368530
299 358.403412
300 358.417358
301 358.408997
302 358.383881
303 358.368530
304 358.348999
305 358.357361
306 358.382477
307 358.406189
308 358.403412
309 358.429901
310 358.438293
311 358.448029
312 358.446655
313 358.439667
314 358.459198
315 358.443848
316 358.428528
317 358.484314
318 358.498260
319 358.498260
320 358.495453
321 358.464783
322 358.453613
323 358.435486
324 358.408997
325 358.381073
326 358.420135
327 358.385254
328 358.410370
329 358.414551
330 358.400604
331 358.392242
332 358.376892
333 358.379700
334 358.407593
335 358.390839
336 358.354584
337 358.368530
338 358.389465
339 358.428528
340 358.452240
341 358.417358
342 358.399231
343 358.411774
344 358.424316
345 358.396423
346 358.400604
347 358.408997
348 358.417358
349 358.420135
350 358.417358
351 358.445251
352 358.442474
353 358.463379
354 358.445251
355 358.452240
356 358.445251
357 358.432709
358 358.422943
359 358.427124
360 358.457794
361 358.480133
362 358.517792
363 358.521973
364 358.499664
365 358.510803
366 358.481506
367 358.477325
368 358.439667
369 358.427124
370 358.446655
371 358.424316
372 358.432709
373 358.415955
374 358.441071
375 358.420135
376 358.408997
377 358.378296
378 358.333649
379 358.318298
380 358.342010
381 358.315491
382 358.311310
383 358.297363
384 358.298767
385 358.312714
386 358.321075
387 358.305725
388 358.302948
389 358.294586
390 358.321075
391 358.276428
392 358.265259
393 358.201050
394 358.210846
395 358.230377
396 358.238739
397 358.245728
398 358.234558
399 358.265259
400 358.248505
