repeats: 400
dykstra: 100
gray: 1
level: 16
L: 3.4641
tau: 0.288675
sigma: 0.288675
lambda: 0.1
nu: 0.01
image: 127 x 127
1041129472 2146762752
1 315.161865
2 373.194305
3 363.485901
4 360.668823
5 359.057098
6 359.204681
7 358.561005
8 358.739471
9 359.089111
10 359.132294
11 359.467651
12 358.952637
13 359.659576
14 359.715179
15 360.231873
16 360.036102
17 360.256866
18 360.192993
19 359.949982
20 359.861084
21 359.523285
22 359.395325
23 359.238068
24 359.194946
25 359.146210
26 359.128113
27 359.040375
28 358.969360
29 358.958221
30 358.896912
31 358.972137
32 358.960999
33 358.965179
34 358.933136
35 358.937317
36 358.951263
37 358.933136
38 358.933136
39 358.972137
40 358.977722
41 358.998596
42 358.956818
43 358.970764
44 358.977722
45 358.973541
46 358.947083
47 358.916412
48 358.921997
49 358.937317
50 358.928955
51 358.899719
52 358.880188
53 358.846771
54 358.809143
55 358.788239
56 358.767334
57 358.778473
58 358.795197
59 358.798004
60 358.814728
61 358.825867
62 358.834229
63 358.838409
64 358.796600
65 358.791016
66 358.768738
67 358.771515
68 358.742249
69 358.739471
70 358.750610
71 358.726929
72 358.735291
73 358.718567
74 358.756195
75 358.710175
76 358.733887
77 358.726929
78 358.719940
79 358.699036
80 358.703217
81 358.724121
82 358.710175
83 358.736664
84 358.760376
85 358.785461
86 358.791016
87 358.807739
88 358.800781
89 358.786835
90 358.768738
91 358.798004
92 358.807739
93 358.820282
94 358.814728
95 358.789642
96 358.823090
97 358.811920
98 358.816101
99 358.842590
100 358.825867
101 358.860687
102 358.892731
103 358.924774
104 358.942902
105 358.980499
106 359.008362
107 358.997223
108 359.025055
109 358.993042
110 358.970764
111 358.986084
112 358.927582
113 358.963776
114 358.962402
115 358.979095
116 358.954041
117 358.952637
118 358.997223
119 359.018097
120 359.020905
121 359.033417
122 359.036224
123 359.040375
124 359.013916
125 358.954041
126 358.970764
127 358.979095
128 359.015320
129 359.020905
130 359.050140
131 359.032043
132 359.072418
133 359.079376
134 359.079376
135 359.051514
136 359.051514
137 359.073822
138 359.045959
139 359.069641
140 359.058502
141 359.083557
142 359.077972
143 359.061279
144 359.061279
145 359.097473
146 359.094696
147 359.055695
148 359.041779
149 359.002777
150 359.006958
151 358.979095
152 358.959595
153 358.986084
154 358.952637
155 358.958221
156 358.973541
157 358.960999
158 359.029236
159 358.997223
160 359.062683
161 359.030640
162 359.050140
163 359.121155
164 359.128113
165 359.175446
166 359.171265
167 359.168488
168 359.160126
169 359.119751
170 359.165710
171 359.175446
172 359.207458
173 359.231110
174 359.240875
175 359.224152
176 359.228333
177 359.245056
178 359.283997
179 359.303497
180 359.306274
181 359.304871
182 359.322968
183 359.309052
184 359.303497
185 359.282623
186 359.300720
187 359.290955
188 359.257568
189 359.199097
190 359.196320
191 359.168488
192 359.150391
193 359.153168
194 359.128113
195 359.128113
196 359.132294
197 359.132294
198 359.136475
199 359.183807
200 359.201904
201 359.158752
202 359.172668
203 359.174042
204 359.201904
205 359.222778
206 359.220001
207 359.260345
208 359.281219
209 359.313232
210 359.354980
211 359.388367
212 359.396729
213 359.416199
214 359.431488
215 359.459320
216 359.466278
217 359.478790
218 359.524689
219 359.569183
220 359.591431
221 359.620636
222 359.638702
223 359.687378
224 359.704041
225 359.729065
226 359.741577
227 359.726288
228 359.680420
229 359.673462
230 359.620636
231 359.583099
232 359.521912
233 359.437073
234 359.406464
235 359.377228
236 359.329926
237 359.303497
238 359.247833
239 359.228333
240 359.174042
241 359.132294
242 359.144806
243 359.126709
244 359.089111
245 359.071014
246 359.036224
247 359.008362
248 359.020905
249 359.026459
250 359.030640
251 359.051514
252 359.041779
253 359.051514
254 359.064056
255 359.073822
256 359.107239
257 359.125336
258 359.154572
259 359.167084
260 359.176849
261 359.190765
262 359.189362
263 359.200500
264 359.239471
265 359.224152
266 359.231110
267 359.221375
268 359.204681
269 359.224152
270 359.207458
271 359.197723
272 359.183807
273 359.162903
274 359.132294
275 359.132294
276 359.107239
277 359.076599
278 359.073822
279 359.082153
280 359.066833
281 359.086334
282 359.096100
283 359.096100
284 359.107239
285 359.119751
286 359.143433
287 359.161530
288 359.160126
289 359.189362
290 359.181000
291 359.194946
292 359.204681
293 359.260345
294 359.299316
295 359.322968
296 359.303497
297 359.338287
298 359.342468
299 359.373077
300 359.380035
301 359.393921
302 359.427307
303 359.417572
304 359.413422
305 359.424530
306 359.438446
307 359.464874
308 359.460693
309 359.477386
310 359.512177
311 359.507996
312 359.507996
313 359.507996
314 359.512177
315 359.538605
316 359.539978
317 359.545532
318 359.524689
319 359.548340
320 359.549713
321 359.552490
322 359.531647
323 359.545532
324 359.510773
325 359.502441
326 359.494080
327 359.499664
328 359.498260
329 359.513550
330 359.481567
331 359.485748
332 359.484344
333 359.503815
334 359.482971
335 359.459320
336 359.449585
337 359.456543
338 359.460693
339 359.446808
340 359.434265
341 359.435669
342 359.437073
343 359.438446
344 359.410614
345 359.395325
346 359.386963
347 359.384186
348 359.371674
349 359.367493
350 359.371674
351 359.367493
352 359.357758
353 359.343842
354 359.336884
355 359.318787
356 359.306274
357 359.324371
358 359.307678
359 359.286804
360 359.281219
361 359.257568
362 359.256165
363 359.264526
364 359.247833
365 359.246429
366 359.215820
367 359.211639
368 359.225555
369 359.213043
370 359.254791
371 359.210236
372 359.172668
373 359.168488
374 359.123932
375 359.119751
376 359.084961
377 359.089111
378 359.069641
379 359.066833
380 359.059875
381 359.066833
382 359.086334
383 359.043182
384 359.023682
385 359.026459
386 358.991638
387 359.006958
388 358.997223
389 358.984680
390 358.979095
391 358.959595
392 358.941498
393 358.941498
394 358.942902
395 358.947083
396 358.952637
397 358.942902
398 358.928955
399 358.933136
400 358.919220
time: 1.85573e+06 ms
