repeats: 10000
gray: 1
level: 16
taux: 0.166667
taul: 1
sigmay: 0.0526316
sigmap: 1
lambda: 0.1
nu: 0.01
image: 127 x 127
GPU Memory: 2146762752 - 1837309952 = 309452800
1 294.171722
2 341.935669
3 361.315643
4 359.172668
5 359.176849
6 359.098877
7 359.115570
8 359.695709
9 359.552490
10 359.346619
11 359.414795
12 359.278442
13 359.293762
14 359.215820
15 359.213043
16 359.336884
17 359.258972
18 359.352203
19 359.346619
20 359.304871
21 359.307678
22 359.318787
23 359.274261
24 359.277039
25 359.275665
26 359.289581
27 359.217194
28 359.211639
29 359.267303
30 359.214417
31 359.275665
32 359.206055
33 359.231110
34 359.249207
35 359.252014
36 359.246429
37 359.143433
38 359.123932
39 359.108612
40 359.179626
41 359.133667
42 359.165710
43 359.271484
44 359.258972
45 359.265930
46 359.268707
47 359.235291
48 359.267303
49 359.328552
50 359.245056
51 359.309052
52 359.325745
53 359.354980
54 359.307678
55 359.289581
56 359.261749
57 359.215820
58 359.192139
59 359.286804
60 359.225555
61 359.265930
62 359.217194
63 359.306274
64 359.413422
65 359.427307
66 359.464874
67 359.542755
68 359.581696
69 359.653992
70 359.699890
71 359.763824
72 359.802734
73 359.831909
74 359.824951
75 359.822174
76 359.813843
77 359.824951
78 359.847198
79 359.811066
80 359.844421
81 359.830505
82 359.826355
83 359.838867
84 359.880524
85 359.837463
86 359.872192
87 359.855530
88 359.884705
89 359.866638
90 359.893036
91 359.847198
92 359.816620
93 359.813843
94 359.786041
95 359.759644
96 359.716553
97 359.719330
98 359.741577
99 359.766602
100 359.748535
101 359.769379
102 359.779114
103 359.767975
104 359.816620
105 359.849976
106 359.838867
107 359.855530
108 359.801331
109 359.769379
110 359.766602
111 359.823578
112 359.786041
113 359.805511
114 359.833282
115 359.786041
116 359.824951
117 359.866638
118 359.873596
119 359.834686
120 359.809662
121 359.788818
122 359.777710
123 359.787445
124 359.767975
125 359.809662
126 359.755463
127 359.767975
128 359.751312
129 359.815216
130 359.831909
131 359.847198
132 359.824951
133 359.890259
134 359.868042
135 359.813843
136 359.805511
137 359.833282
138 359.751312
139 359.770752
140 359.716553
141 359.742950
142 359.769379
143 359.751312
144 359.744354
145 359.758240
146 359.774933
147 359.752686
148 359.709595
149 359.692932
150 359.712372
151 359.770752
152 359.802734
153 359.819397
154 359.820801
155 359.809662
156 359.792999
157 359.779114
158 359.767975
159 359.815216
160 359.767975
161 359.791595
162 359.780487
163 359.758240
164 359.742950
165 359.776306
166 359.791595
167 359.786041
168 359.819397
169 359.809662
170 359.792999
171 359.836060
172 359.826355
173 359.813843
174 359.851349
175 359.854126
176 359.824951
177 359.809662
178 359.818024
179 359.844421
180 359.840240
181 359.829132
182 359.843018
183 359.861084
184 359.868042
185 359.884705
186 359.881927
187 359.893036
188 359.952789
189 359.970825
190 359.947205
191 359.918060
192 359.861084
193 359.902771
194 359.915253
195 359.893036
196 359.874969
197 359.854126
198 359.851349
199 359.819397
200 359.836060
201 359.829132
202 359.812439
203 359.849976
204 359.852753
205 359.858307
206 359.841644
207 359.851349
208 359.874969
209 359.872192
210 359.851349
211 359.874969
212 359.831909
213 359.829132
214 359.855530
215 359.847198
216 359.884705
217 359.886078
218 359.877747
219 359.890259
220 359.893036
221 359.884705
222 359.874969
223 359.836060
224 359.824951
225 359.848572
226 359.848572
227 359.848572
228 359.827728
229 359.827728
230 359.861084
231 359.836060
232 359.845795
233 359.854126
234 359.847198
235 359.820801
236 359.851349
237 359.844421
238 359.823578
239 359.799957
240 359.749908
241 359.759644
242 359.755463
243 359.756866
244 359.805511
245 359.822174
246 359.826355
247 359.815216
248 359.854126
249 359.848572
250 359.837463
251 359.841644
252 359.780487
253 359.767975
254 359.794373
255 359.805511
256 359.797180
257 359.816620
258 359.861084
259 359.848572
260 359.802734
261 359.844421
262 359.829132
263 359.834686
264 359.861084
265 359.868042
266 359.881927
267 359.869415
268 359.881927
269 359.895813
270 359.859680
271 359.901367
272 359.918060
273 359.938873
274 359.906921
275 359.947205
276 359.944427
277 359.919434
278 359.951385
279 359.980560
280 359.959717
281 359.976379
282 360.004181
283 359.993042
284 360.018066
285 359.993042
286 360.043060
287 360.030548
288 360.059723
289 360.059723
290 360.068054
291 360.095825
292 360.138855
293 360.108307
294 360.077759
295 360.105530
296 360.118042
297 360.105530
298 360.049988
299 360.015289
300 360.001404
301 360.009735
302 360.034729
303 360.049988
304 360.069427
305 360.061096
306 360.036102
307 360.012512
308 360.015289
309 359.988892
310 359.980560
311 359.970825
312 359.972229
313 359.979156
314 359.959717
315 359.975006
316 359.990265
317 359.934723
318 359.920837
319 359.920837
320 359.923615
321 359.954163
322 359.965271
323 359.983337
324 360.009735
325 360.037506
326 359.998596
327 360.033325
328 360.008331
329 360.004181
330 360.018066
331 360.026398
332 360.041656
333 360.038879
334 360.011108
335 360.027771
336 360.063873
337 360.049988
338 360.029175
339 359.990265
340 359.966675
341 360.001404
342 360.019440
343 360.006958
344 359.994446
345 360.022217
346 360.018066
347 360.009735
348 360.001404
349 359.998596
350 360.001404
351 359.973602
352 359.976379
353 359.955566
354 359.973602
355 359.966675
356 359.973602
357 359.986115
358 359.995819
359 359.991669
360 359.961121
361 359.938873
362 359.901367
363 359.897217
364 359.919434
365 359.908325
366 359.937500
367 359.941650
368 359.979156
369 359.991669
370 359.972229
371 359.994446
372 359.986115
373 360.002777
374 359.977783
375 359.998596
376 360.009735
377 360.040283
378 360.084717
379 360.099976
380 360.076385
381 360.102753
382 360.106934
383 360.120819
384 360.119415
385 360.105530
386 360.097198
387 360.112488
388 360.115265
389 360.123596
390 360.097198
391 360.141632
392 360.152740
393 360.216614
394 360.206879
395 360.187439
396 360.179108
397 360.172180
398 360.183289
399 360.152740
400 360.169403
401 360.173584
402 360.179108
403 360.163849
404 360.162476
405 360.172180
406 360.211060
407 360.223541
408 360.206879
409 360.195770
410 360.184662
411 360.184662
412 360.173584
413 360.165253
414 360.170807
415 360.163849
416 360.140259
417 360.155518
418 360.159698
419 360.136078
420 360.129150
421 360.172180
422 360.155518
423 360.130524
424 360.149963
425 360.099976
426 360.090271
427 360.137482
428 360.126373
429 360.147186
430 360.147186
431 360.126373
432 360.133301
433 360.095825
434 360.111084
435 360.106934
436 360.086090
437 360.041656
438 360.009735
439 360.004181
440 360.029175
441 360.040283
442 360.083313
443 360.120819
444 360.106934
445 360.098602
446 360.095825
447 360.088867
448 360.070831
449 360.077759
450 360.069427
451 360.104156
452 360.113861
453 360.131927
454 360.133301
455 360.138855
456 360.148590
457 360.190216
458 360.192993
459 360.170807
460 360.163849
461 360.173584
462 360.179108
463 360.211060
464 360.227692
465 360.230469
466 360.217987
467 360.179108
468 360.186066
469 360.212433
470 360.176331
471 360.187439
472 360.170807
473 360.155518
474 360.129150
475 360.102753
476 360.087494
477 360.095825
478 360.095825
479 360.127747
480 360.155518
481 360.163849
482 360.170807
483 360.141632
484 360.155518
485 360.097198
486 360.099976
487 360.088867
488 360.086090
489 360.116638
490 360.094421
491 360.094421
492 360.073608
493 360.065277
494 360.079163
495 360.073608
496 360.113861
497 360.122192
498 360.112488
499 360.118042
500 360.099976
501 360.127747
502 360.126373
503 360.101379
504 360.083313
505 360.076385
506 360.052765
507 360.048615
508 360.058319
509 360.087494
510 360.066650
511 360.074982
512 360.076385
513 360.094421
514 360.116638
515 360.104156
516 360.108307
517 360.115265
518 360.140259
519 360.155518
520 360.177734
521 360.205505
522 360.219391
523 360.197174
524 360.199951
525 360.172180
526 360.172180
527 360.199951
528 360.209656
529 360.222168
530 360.233246
531 360.222168
532 360.241577
533 360.197174
534 360.199951
535 360.211060
536 360.184662
537 360.155518
538 360.166626
539 360.179108
540 360.194397
541 360.209656
542 360.198547
543 360.192993
544 360.177734
545 360.190216
546 360.206879
547 360.206879
548 360.186066
549 360.209656
550 360.244354
551 360.292938
552 360.308197
553 360.298492
554 360.290161
555 360.301270
556 360.309601
557 360.299866
558 360.356781
559 360.340118
560 360.351227
561 360.333191
562 360.326233
563 360.360931
564 360.363708
565 360.401154
566 360.409485
567 360.421967
568 360.416412
569 360.445557
570 360.477448
571 360.463593
572 360.470520
573 360.478851
574 360.483002
575 360.480225
576 360.477448
577 360.523224
578 360.573151
579 360.582855
580 360.611969
581 360.623077
582 360.628632
583 360.624451
584 360.639709
585 360.620300
586 360.602264
587 360.620300
588 360.681305
589 360.660492
590 360.675751
591 360.677155
592 360.689606
593 360.677155
594 360.657745
595 360.668823
596 360.657745
597 360.706238
598 360.702087
599 360.713196
600 360.738129
601 360.722900
602 360.728424
603 360.691010
604 360.715942
605 360.685455
606 360.718719
607 360.728424
608 360.715942
609 360.743683
610 360.740906
611 360.720123
612 360.709015
613 360.697937
614 360.729828
615 360.729828
616 360.729828
617 360.713196
618 360.739532
619 360.749207
620 360.742279
621 360.724274
622 360.727051
623 360.735352
624 360.733978
625 360.738129
626 360.764465
627 360.736755
628 360.717346
629 360.763092
630 360.747833
631 360.739532
632 360.747833
633 360.757538
634 360.770020
635 360.804657
636 360.853149
637 360.833771
638 360.817139
639 360.782471
640 360.776947
641 360.789398
642 360.801880
643 360.803284
644 360.792175
645 360.779724
646 360.739532
647 360.715942
648 360.747833
649 360.711792
650 360.722900
651 360.697937
652 360.682678
653 360.713196
654 360.679901
655 360.679901
656 360.642487
657 360.630005
658 360.618927
659 360.625854
660 360.639709
661 360.624451
662 360.613373
663 360.595337
664 360.624451
665 360.616150
666 360.613373
667 360.578705
668 360.556519
669 360.552368
670 360.531555
671 360.542633
672 360.509369
673 360.480225
674 360.444183
675 360.444183
676 360.474701
677 360.496887
678 360.466370
679 360.488556
680 360.476074
681 360.455261
682 360.430298
683 360.433075
684 360.474701
685 360.427521
686 360.420593
687 360.416412
688 360.401154
689 360.370636
690 360.352600
691 360.363708
692 360.373413
693 360.373413
694 360.335968
695 360.331787
696 360.298492
697 360.281830
698 360.267944
699 360.240204
700 360.187439
701 360.191620
702 360.145813
703 360.151367
704 360.165253
705 360.181885
706 360.197174
707 360.179108
708 360.197174
709 360.183289
710 360.183289
711 360.147186
712 360.140259
713 360.147186
714 360.102753
715 360.137482
716 360.118042
717 360.086090
718 360.056946
719 360.056946
720 360.051392
721 360.041656
722 359.993042
723 359.984711
724 359.993042
725 359.990265
726 359.993042
727 359.969452
728 359.949982
729 359.956940
730 359.938873
731 359.915253
732 359.877747
733 359.898590
734 359.904144
735 359.940277
736 359.969452
737 359.922211
738 359.918060
739 359.884705
740 359.923615
741 359.918060
742 359.897217
743 359.927765
744 359.931946
745 359.880524
746 359.883301
747 359.855530
748 359.836060
749 359.852753
750 359.854126
751 359.879150
752 359.856903
753 359.895813
754 359.918060
755 359.901367
756 359.918060
757 359.961121
758 359.949982
759 359.930542
760 359.940277
761 359.936096
762 359.916656
763 359.897217
764 359.873596
765 359.855530
766 359.847198
767 359.854126
768 359.848572
769 359.851349
770 359.816620
771 359.795776
772 359.769379
773 359.774933
774 359.765198
775 359.765198
776 359.731842
777 359.740173
778 359.751312
779 359.745758
780 359.722107
781 359.713776
782 359.726288
783 359.723511
784 359.770752
785 359.783264
786 359.787445
787 359.772156
788 359.766602
789 359.736023
790 359.751312
791 359.744354
792 359.740173
793 359.756866
794 359.738800
795 359.737396
796 359.744354
797 359.773529
798 359.772156
799 359.751312
800 359.755463
801 359.758240
802 359.731842
803 359.699890
804 359.719330
805 359.749908
806 359.737396
807 359.724884
808 359.679016
809 359.667908
810 359.669281
811 359.706818
812 359.691528
813 359.702667
814 359.672058
815 359.658173
816 359.648438
817 359.672058
818 359.663727
819 359.651215
820 359.647064
821 359.662354
822 359.676239
823 359.659576
824 359.670685
825 359.659576
826 359.649841
827 359.680420
828 359.680420
829 359.666504
830 359.655396
831 359.659576
832 359.676239
833 359.658173
834 359.666504
835 359.655396
836 359.635925
837 359.624817
838 359.645660
839 359.651215
840 359.633148
841 359.631744
842 359.638702
843 359.687378
844 359.712372
845 359.701263
846 359.691528
847 359.702667
848 359.694305
849 359.673462
850 359.672058
851 359.673462
852 359.655396
853 359.653992
854 359.633148
855 359.615082
856 359.630371
857 359.613678
858 359.596985
859 359.590057
860 359.576141
861 359.576141
862 359.571960
863 359.546936
864 359.552490
865 359.541382
866 359.521912
867 359.535797
868 359.523285
869 359.513550
870 359.534424
871 359.545532
872 359.527466
873 359.538605
874 359.552490
875 359.571960
876 359.619232
877 359.633148
878 359.666504
879 359.698486
880 359.717957
881 359.740173
882 359.731842
883 359.734619
884 359.749908
885 359.720734
886 359.720734
887 359.704041
888 359.738800
889 359.742950
890 359.737396
891 359.709595
892 359.720734
893 359.740173
894 359.734619
895 359.733246
896 359.734619
897 359.706818
898 359.724884
899 359.713776
900 359.710999
901 359.745758
902 359.713776
903 359.745758
904 359.738800
905 359.747131
906 359.736023
907 359.730469
908 359.745758
909 359.740173
910 359.744354
911 359.706818
912 359.708221
913 359.715179
914 359.704041
915 359.691528
916 359.704041
917 359.704041
918 359.698486
919 359.683197
920 359.691528
921 359.670685
922 359.692932
923 359.694305
924 359.687378
925 359.697083
926 359.713776
927 359.695709
928 359.709595
929 359.720734
930 359.740173
931 359.733246
932 359.724884
933 359.723511
934 359.755463
935 359.737396
936 359.733246
937 359.748535
938 359.763824
939 359.774933
940 359.787445
941 359.801331
942 359.779114
943 359.769379
944 359.731842
945 359.758240
946 359.769379
947 359.765198
948 359.716553
949 359.724884
950 359.698486
951 359.704041
952 359.716553
953 359.749908
954 359.747131
955 359.758240
956 359.759644
957 359.744354
958 359.710999
959 359.712372
960 359.697083
961 359.697083
962 359.697083
963 359.701263
964 359.730469
965 359.737396
966 359.786041
967 359.788818
968 359.791595
969 359.792999
970 359.813843
971 359.823578
972 359.833282
973 359.843018
974 359.866638
975 359.855530
976 359.824951
977 359.836060
978 359.813843
979 359.801331
980 359.798553
981 359.767975
982 359.783264
983 359.788818
984 359.812439
985 359.822174
986 359.797180
987 359.779114
988 359.774933
989 359.767975
990 359.811066
991 359.818024
992 359.802734
993 359.822174
994 359.827728
995 359.808289
996 359.820801
997 359.801331
998 359.795776
999 359.827728
1000 359.851349
1001 359.809662
1002 359.812439
1003 359.813843
1004 359.822174
1005 359.827728
1006 359.815216
1007 359.792999
1008 359.783264
1009 359.780487
1010 359.777710
1011 359.797180
1012 359.794373
1013 359.791595
1014 359.787445
1015 359.813843
1016 359.820801
1017 359.829132
1018 359.816620
1019 359.806885
1020 359.805511
1021 359.798553
1022 359.811066
1023 359.830505
1024 359.841644
1025 359.865265
1026 359.851349
1027 359.830505
1028 359.841644
1029 359.844421
1030 359.845795
1031 359.848572
1032 359.866638
1033 359.873596
1034 359.879150
1035 359.880524
1036 359.886078
1037 359.881927
1038 359.851349
1039 359.844421
1040 359.848572
1041 359.841644
1042 359.862488
1043 359.854126
1044 359.859680
1045 359.830505
1046 359.861084
1047 359.861084
1048 359.868042
1049 359.888885
1050 359.895813
1051 359.876373
1052 359.891663
1053 359.884705
1054 359.886078
1055 359.884705
1056 359.873596
1057 359.870819
1058 359.887482
1059 359.897217
1060 359.893036
1061 359.880524
1062 359.886078
1063 359.881927
1064 359.874969
1065 359.869415
1066 359.891663
1067 359.872192
1068 359.899994
1069 359.905548
1070 359.916656
1071 359.943054
1072 359.940277
1073 359.940277
1074 359.948608
1075 359.941650
1076 359.908325
1077 359.891663
1078 359.927765
1079 359.920837
1080 359.922211
1081 359.912476
1082 359.908325
1083 359.911102
1084 359.888885
1085 359.881927
1086 359.874969
1087 359.873596
1088 359.856903
1089 359.836060
1090 359.838867
1091 359.854126
1092 359.852753
1093 359.865265
1094 359.847198
1095 359.877747
1096 359.879150
1097 359.859680
1098 359.869415
1099 359.849976
1100 359.831909
1101 359.830505
1102 359.813843
1103 359.813843
1104 359.806885
1105 359.795776
1106 359.795776
1107 359.788818
1108 359.795776
1109 359.784668
1110 359.809662
1111 359.806885
1112 359.812439
1113 359.784668
1114 359.801331
1115 359.837463
1116 359.824951
1117 359.823578
1118 359.822174
1119 359.847198
1120 359.833282
1121 359.844421
1122 359.824951
1123 359.838867
1124 359.855530
1125 359.854126
1126 359.843018
1127 359.843018
1128 359.872192
1129 359.876373
1130 359.876373
1131 359.870819
1132 359.887482
1133 359.886078
1134 359.868042
1135 359.855530
1136 359.848572
1137 359.823578
1138 359.829132
1139 359.813843
1140 359.815216
1141 359.829132
1142 359.834686
1143 359.829132
1144 359.847198
1145 359.849976
1146 359.851349
1147 359.863861
1148 359.854126
1149 359.858307
1150 359.854126
1151 359.847198
1152 359.869415
1153 359.893036
1154 359.894440
1155 359.908325
1156 359.920837
1157 359.902771
1158 359.902771
1159 359.895813
1160 359.894440
1161 359.901367
1162 359.898590
1163 359.888885
1164 359.897217
1165 359.912476
1166 359.923615
1167 359.930542
1168 359.956940
1169 359.955566
1170 359.958344
1171 359.961121
1172 359.936096
1173 359.931946
1174 359.918060
1175 359.881927
1176 359.883301
1177 359.891663
1178 359.879150
1179 359.883301
1180 359.887482
1181 359.904144
1182 359.905548
1183 359.931946
1184 359.948608
1185 359.948608
1186 359.940277
1187 359.915253
1188 359.912476
1189 359.895813
1190 359.899994
1191 359.909698
1192 359.906921
1193 359.918060
1194 359.905548
1195 359.911102
1196 359.908325
1197 359.927765
1198 359.940277
1199 359.920837
1200 359.933319
1201 359.943054
1202 359.938873
1203 359.930542
1204 359.912476
1205 359.915253
1206 359.938873
1207 359.937500
1208 359.955566
1209 359.956940
1210 359.969452
1211 359.956940
1212 359.969452
1213 359.951385
1214 359.958344
1215 359.990265
1216 359.990265
1217 359.965271
1218 359.938873
1219 359.922211
1220 359.922211
1221 359.908325
1222 359.893036
1223 359.897217
1224 359.915253
1225 359.929169
1226 359.923615
1227 359.931946
1228 359.937500
1229 359.920837
1230 359.906921
1231 359.918060
1232 359.919434
1233 359.924988
1234 359.913879
1235 359.898590
1236 359.911102
1237 359.911102
1238 359.887482
1239 359.881927
1240 359.905548
1241 359.924988
1242 359.918060
1243 359.909698
1244 359.898590
1245 359.898590
1246 359.881927
1247 359.869415
1248 359.863861
1249 359.887482
1250 359.869415
1251 359.870819
1252 359.863861
1253 359.884705
1254 359.887482
1255 359.916656
1256 359.933319
1257 359.898590
1258 359.922211
1259 359.905548
1260 359.880524
1261 359.870819
1262 359.868042
1263 359.833282
1264 359.843018
1265 359.834686
1266 359.801331
1267 359.798553
1268 359.794373
1269 359.804108
1270 359.798553
1271 359.801331
1272 359.830505
1273 359.822174
1274 359.826355
1275 359.809662
1276 359.787445
1277 359.791595
1278 359.773529
1279 359.765198
1280 359.774933
1281 359.774933
1282 359.783264
1283 359.788818
1284 359.795776
1285 359.798553
1286 359.806885
1287 359.798553
1288 359.783264
1289 359.791595
1290 359.787445
1291 359.801331
1292 359.819397
1293 359.822174
1294 359.826355
1295 359.829132
1296 359.819397
1297 359.824951
1298 359.805511
1299 359.792999
1300 359.780487
1301 359.765198
1302 359.766602
1303 359.767975
1304 359.772156
1305 359.763824
1306 359.761017
1307 359.767975
1308 359.755463
1309 359.752686
1310 359.766602
1311 359.763824
1312 359.752686
1313 359.749908
1314 359.751312
1315 359.752686
1316 359.741577
1317 359.731842
1318 359.751312
1319 359.742950
1320 359.755463
1321 359.729065
1322 359.747131
1323 359.763824
1324 359.783264
1325 359.769379
1326 359.761017
1327 359.766602
1328 359.780487
1329 359.792999
1330 359.790222
1331 359.790222
1332 359.781891
1333 359.798553
1334 359.809662
1335 359.808289
1336 359.804108
1337 359.809662
1338 359.802734
1339 359.808289
1340 359.776306
1341 359.792999
1342 359.777710
1343 359.744354
1344 359.736023
1345 359.733246
1346 359.708221
1347 359.704041
1348 359.698486
1349 359.691528
1350 359.713776
1351 359.710999
1352 359.713776
1353 359.688751
1354 359.690155
1355 359.697083
1356 359.699890
1357 359.694305
1358 359.683197
1359 359.690155
1360 359.655396
1361 359.663727
1362 359.680420
1363 359.667908
1364 359.677643
1365 359.690155
1366 359.694305
1367 359.713776
1368 359.710999
1369 359.710999
1370 359.713776
1371 359.708221
1372 359.724884
1373 359.715179
1374 359.699890
1375 359.701263
1376 359.713776
1377 359.724884
1378 359.726288
1379 359.709595
1380 359.701263
1381 359.701263
1382 359.699890
1383 359.701263
1384 359.698486
1385 359.699890
1386 359.709595
1387 359.709595
1388 359.716553
1389 359.733246
1390 359.722107
1391 359.759644
1392 359.762421
1393 359.755463
1394 359.781891
1395 359.790222
1396 359.794373
1397 359.799957
1398 359.808289
1399 359.790222
1400 359.781891
1401 359.769379
1402 359.752686
1403 359.738800
1404 359.758240
1405 359.758240
1406 359.765198
1407 359.791595
1408 359.767975
1409 359.781891
1410 359.779114
1411 359.769379
1412 359.759644
1413 359.767975
1414 359.780487
1415 359.786041
1416 359.763824
1417 359.740173
1418 359.737396
1419 359.733246
1420 359.730469
1421 359.745758
1422 359.717957
1423 359.730469
1424 359.755463
1425 359.759644
1426 359.737396
1427 359.752686
1428 359.755463
1429 359.744354
1430 359.766602
1431 359.754089
1432 359.772156
1433 359.790222
1434 359.795776
1435 359.798553
1436 359.786041
1437 359.811066
1438 359.792999
1439 359.792999
1440 359.794373
1441 359.792999
1442 359.766602
1443 359.748535
1444 359.751312
1445 359.776306
1446 359.759644
1447 359.766602
1448 359.744354
1449 359.748535
1450 359.742950
1451 359.737396
1452 359.742950
1453 359.729065
1454 359.740173
1455 359.713776
1456 359.723511
1457 359.731842
1458 359.737396
1459 359.731842
1460 359.695709
1461 359.674866
1462 359.656769
1463 359.662354
1464 359.653992
1465 359.659576
1466 359.667908
1467 359.670685
1468 359.624817
1469 359.619232
1470 359.627594
1471 359.638702
1472 359.616455
1473 359.609497
1474 359.594208
1475 359.596985
1476 359.605347
1477 359.608124
1478 359.602570
1479 359.584473
1480 359.587250
1481 359.613678
1482 359.633148
1483 359.653992
1484 359.669281
1485 359.681793
1486 359.648438
1487 359.652618
1488 359.644257
1489 359.631744
1490 359.656769
1491 359.649841
1492 359.670685
1493 359.683197
1494 359.692932
1495 359.677643
1496 359.669281
1497 359.660950
1498 359.659576
1499 359.670685
1500 359.665131
1501 359.626190
1502 359.615082
1503 359.610901
1504 359.630371
1505 359.649841
1506 359.658173
1507 359.662354
1508 359.651215
1509 359.649841
1510 359.651215
1511 359.665131
1512 359.687378
1513 359.706818
1514 359.701263
1515 359.708221
1516 359.699890
1517 359.706818
1518 359.681793
1519 359.684570
1520 359.684570
1521 359.695709
1522 359.674866
1523 359.648438
1524 359.626190
1525 359.645660
1526 359.641479
1527 359.628967
1528 359.641479
1529 359.637329
1530 359.637329
1531 359.622009
1532 359.612305
1533 359.601166
1534 359.624817
1535 359.628967
1536 359.630371
1537 359.622009
1538 359.637329
1539 359.617859
1540 359.627594
1541 359.644257
1542 359.630371
1543 359.626190
1544 359.628967
1545 359.609497
1546 359.599792
1547 359.591431
1548 359.591431
1549 359.563629
1550 359.580322
1551 359.560852
1552 359.563629
1553 359.562225
1554 359.577515
1555 359.578918
1556 359.588654
1557 359.596985
1558 359.602570
1559 359.588654
1560 359.585876
1561 359.610901
1562 359.608124
1563 359.616455
1564 359.622009
1565 359.595612
1566 359.592834
1567 359.595612
1568 359.626190
1569 359.640106
1570 359.638702
1571 359.642883
1572 359.662354
1573 359.652618
1574 359.630371
1575 359.648438
1576 359.644257
1577 359.648438
1578 359.655396
1579 359.651215
1580 359.667908
1581 359.662354
1582 359.677643
1583 359.673462
1584 359.658173
1585 359.640106
1586 359.651215
1587 359.647064
1588 359.628967
1589 359.626190
1590 359.609497
1591 359.630371
1592 359.638702
1593 359.628967
1594 359.623413
1595 359.617859
1596 359.602570
1597 359.606720
1598 359.602570
1599 359.609497
1600 359.619232
1601 359.628967
1602 359.624817
1603 359.608124
1604 359.616455
1605 359.627594
1606 359.631744
1607 359.620636
1608 359.627594
1609 359.633148
1610 359.648438
1611 359.635925
1612 359.633148
1613 359.647064
1614 359.648438
1615 359.665131
1616 359.666504
1617 359.672058
1618 359.685974
1619 359.663727
1620 359.687378
1621 359.680420
1622 359.672058
1623 359.683197
1624 359.660950
1625 359.645660
1626 359.637329
1627 359.617859
1628 359.613678
1629 359.619232
1630 359.610901
1631 359.599792
1632 359.605347
1633 359.616455
1634 359.591431
1635 359.583099
1636 359.599792
1637 359.587250
1638 359.590057
1639 359.585876
1640 359.571960
1641 359.559448
1642 359.567810
1643 359.552490
1644 359.548340
1645 359.552490
1646 359.558075
1647 359.551117
1648 359.537201
1649 359.519135
1650 359.516327
1651 359.503815
1652 359.489929
1653 359.492706
1654 359.501038
1655 359.498260
1656 359.478790
1657 359.462097
1658 359.467651
1659 359.482971
1660 359.478790
1661 359.477386
1662 359.484344
1663 359.463501
1664 359.459320
1665 359.470459
1666 359.459320
1667 359.471832
1668 359.449585
1669 359.438446
1670 359.438446
1671 359.421753
1672 359.399506
1673 359.403687
1674 359.414795
1675 359.428711
1676 359.434265
1677 359.417572
1678 359.423157
1679 359.412018
1680 359.389771
1681 359.406464
1682 359.402283
1683 359.402283
1684 359.385590
1685 359.391144
1686 359.389771
1687 359.363312
1688 359.378632
1689 359.389771
1690 359.402283
1691 359.398102
1692 359.391144
1693 359.384186
1694 359.412018
1695 359.414795
1696 359.420380
1697 359.434265
1698 359.430115
1699 359.453766
1700 359.477386
1701 359.464874
1702 359.463501
1703 359.496857
1704 359.509399
1705 359.495483
1706 359.492706
1707 359.488525
1708 359.499664
1709 359.523285
1710 359.524689
1711 359.539978
1712 359.520508
1713 359.537201
1714 359.509399
1715 359.516327
1716 359.502441
1717 359.496857
1718 359.501038
1719 359.527466
1720 359.520508
1721 359.502441
1722 359.487122
1723 359.501038
1724 359.492706
1725 359.488525
1726 359.478790
1727 359.471832
1728 359.485748
1729 359.459320
1730 359.444000
1731 359.446808
1732 359.428711
1733 359.398102
1734 359.405060
1735 359.384186
1736 359.375854
1737 359.374451
1738 359.356384
1739 359.378632
1740 359.381409
1741 359.406464
1742 359.400879
1743 359.393921
1744 359.377228
1745 359.342468
1746 359.357758
1747 359.342468
1748 359.359161
1749 359.359161
1750 359.364716
1751 359.346619
1752 359.352203
1753 359.346619
1754 359.341064
1755 359.339661
1756 359.338287
1757 359.352203
1758 359.360535
1759 359.373077
1760 359.380035
1761 359.388367
1762 359.424530
1763 359.416199
1764 359.435669
1765 359.453766
1766 359.480194
1767 359.487122
1768 359.501038
1769 359.517731
1770 359.527466
1771 359.549713
1772 359.560852
1773 359.559448
1774 359.553894
1775 359.553894
1776 359.562225
1777 359.583099
1778 359.567810
1779 359.549713
1780 359.542755
1781 359.503815
1782 359.489929
1783 359.473236
1784 359.457916
1785 359.439850
1786 359.412018
1787 359.402283
1788 359.403687
1789 359.388367
1790 359.357758
1791 359.350800
1792 359.353577
1793 359.353577
1794 359.339661
1795 359.307678
1796 359.304871
1797 359.289581
1798 359.288177
1799 359.290955
1800 359.285400
1801 359.286804
1802 359.304871
1803 359.285400
1804 359.274261
1805 359.290955
1806 359.307678
1807 359.314636
1808 359.310455
1809 359.320190
1810 359.325745
1811 359.324371
1812 359.342468
1813 359.332703
1814 359.322968
1815 359.334106
1816 359.343842
1817 359.353577
1818 359.357758
1819 359.360535
1820 359.386963
1821 359.398102
1822 359.396729
1823 359.392548
1824 359.423157
1825 359.418976
1826 359.439850
1827 359.452362
1828 359.437073
1829 359.462097
1830 359.484344
1831 359.501038
1832 359.485748
1833 359.474609
1834 359.457916
1835 359.456543
1836 359.441223
1837 359.418976
1838 359.424530
1839 359.438446
1840 359.448181
1841 359.423157
1842 359.424530
1843 359.449585
1844 359.453766
1845 359.441223
1846 359.456543
1847 359.453766
1848 359.453766
1849 359.435669
1850 359.434265
1851 359.453766
1852 359.464874
1853 359.448181
1854 359.438446
1855 359.434265
1856 359.437073
1857 359.428711
1858 359.431488
1859 359.441223
1860 359.460693
1861 359.467651
1862 359.442627
1863 359.459320
1864 359.462097
1865 359.470459
1866 359.464874
1867 359.489929
1868 359.519135
1869 359.512177
1870 359.506592
1871 359.513550
1872 359.533020
1873 359.542755
1874 359.541382
1875 359.535797
1876 359.558075
1877 359.571960
1878 359.571960
1879 359.576141
1880 359.567810
1881 359.566406
1882 359.556671
1883 359.528870
1884 359.520508
1885 359.519135
1886 359.524689
1887 359.521912
1888 359.533020
1889 359.528870
1890 359.539978
1891 359.516327
1892 359.520508
1893 359.502441
1894 359.517731
1895 359.499664
1896 359.505219
1897 359.510773
1898 359.517731
1899 359.514954
1900 359.534424
1901 359.509399
1902 359.514954
1903 359.509399
1904 359.530243
1905 359.541382
1906 359.558075
1907 359.566406
1908 359.551117
1909 359.549713
1910 359.542755
1911 359.539978
1912 359.533020
1913 359.528870
1914 359.545532
1915 359.559448
1916 359.566406
1917 359.559448
1918 359.556671
1919 359.526062
1920 359.506592
1921 359.505219
1922 359.484344
1923 359.501038
1924 359.496857
1925 359.492706
1926 359.464874
1927 359.463501
1928 359.462097
1929 359.441223
1930 359.446808
1931 359.432892
1932 359.418976
1933 359.435669
1934 359.450958
1935 359.462097
1936 359.446808
1937 359.420380
1938 359.405060
1939 359.400879
1940 359.412018
1941 359.428711
1942 359.425934
1943 359.412018
1944 359.388367
1945 359.389771
1946 359.413422
1947 359.425934
1948 359.442627
1949 359.446808
1950 359.470459
1951 359.439850
1952 359.420380
1953 359.409241
1954 359.407837
1955 359.407837
1956 359.412018
1957 359.417572
1958 359.446808
1959 359.449585
1960 359.450958
1961 359.469055
1962 359.485748
1963 359.480194
1964 359.503815
1965 359.528870
1966 359.513550
1967 359.531647
1968 359.541382
1969 359.555267
1970 359.544159
1971 359.559448
1972 359.571960
1973 359.560852
1974 359.581696
1975 359.571960
1976 359.553894
1977 359.549713
1978 359.556671
1979 359.534424
1980 359.548340
1981 359.548340
1982 359.552490
1983 359.555267
1984 359.577515
1985 359.585876
1986 359.581696
1987 359.584473
1988 359.596985
1989 359.602570
1990 359.601166
1991 359.587250
1992 359.590057
1993 359.592834
1994 359.599792
1995 359.598389
1996 359.596985
1997 359.601166
1998 359.592834
1999 359.596985
2000 359.601166
2001 359.602570
2002 359.601166
2003 359.608124
2004 359.605347
2005 359.595612
2006 359.595612
2007 359.606720
2008 359.624817
2009 359.626190
2010 359.648438
2011 359.655396
2012 359.656769
2013 359.665131
2014 359.651215
2015 359.660950
2016 359.667908
2017 359.649841
2018 359.651215
2019 359.645660
2020 359.651215
2021 359.651215
2022 359.648438
2023 359.660950
2024 359.647064
2025 359.653992
2026 359.635925
2027 359.634521
2028 359.642883
2029 359.623413
2030 359.622009
2031 359.613678
2032 359.622009
2033 359.631744
2034 359.638702
2035 359.637329
2036 359.626190
2037 359.606720
2038 359.616455
2039 359.622009
2040 359.613678
2041 359.616455
2042 359.587250
2043 359.581696
2044 359.578918
2045 359.574738
2046 359.570587
2047 359.569183
2048 359.533020
2049 359.546936
2050 359.553894
2051 359.534424
2052 359.558075
2053 359.560852
2054 359.552490
2055 359.567810
2056 359.577515
2057 359.571960
2058 359.574738
2059 359.574738
2060 359.584473
2061 359.578918
2062 359.566406
2063 359.552490
2064 359.549713
2065 359.542755
2066 359.546936
2067 359.539978
2068 359.533020
2069 359.535797
2070 359.517731
2071 359.517731
2072 359.520508
2073 359.499664
2074 359.517731
2075 359.505219
2076 359.507996
2077 359.513550
2078 359.510773
2079 359.477386
2080 359.464874
2081 359.470459
2082 359.474609
2083 359.460693
2084 359.453766
2085 359.452362
2086 359.438446
2087 359.448181
2088 359.455139
2089 359.456543
2090 359.469055
2091 359.470459
2092 359.463501
2093 359.460693
2094 359.469055
2095 359.482971
2096 359.491302
2097 359.484344
2098 359.491302
2099 359.489929
2100 359.488525
2101 359.492706
2102 359.471832
2103 359.496857
2104 359.502441
2105 359.503815
2106 359.509399
2107 359.516327
2108 359.505219
2109 359.502441
2110 359.519135
2111 359.506592
2112 359.520508
2113 359.526062
2114 359.534424
2115 359.551117
2116 359.558075
2117 359.551117
2118 359.541382
2119 359.527466
2120 359.541382
2121 359.538605
2122 359.527466
2123 359.531647
2124 359.537201
2125 359.526062
2126 359.520508
2127 359.510773
2128 359.512177
2129 359.507996
2130 359.506592
2131 359.509399
2132 359.514954
2133 359.512177
2134 359.517731
2135 359.519135
2136 359.502441
2137 359.503815
2138 359.494080
2139 359.481567
2140 359.510773
2141 359.521912
2142 359.534424
2143 359.523285
2144 359.535797
2145 359.533020
2146 359.528870
2147 359.546936
2148 359.556671
2149 359.560852
2150 359.573364
2151 359.570587
2152 359.560852
2153 359.544159
2154 359.555267
2155 359.548340
2156 359.542755
2157 359.577515
2158 359.608124
2159 359.602570
2160 359.601166
2161 359.603943
2162 359.598389
2163 359.612305
2164 359.623413
2165 359.630371
2166 359.623413
2167 359.612305
2168 359.630371
2169 359.608124
2170 359.624817
2171 359.633148
2172 359.656769
2173 359.651215
2174 359.630371
2175 359.628967
2176 359.594208
2177 359.596985
2178 359.581696
2179 359.584473
2180 359.598389
2181 359.601166
2182 359.598389
2183 359.601166
2184 359.608124
2185 359.628967
2186 359.616455
2187 359.606720
2188 359.590057
2189 359.587250
2190 359.581696
2191 359.581696
2192 359.578918
2193 359.603943
2194 359.608124
2195 359.595612
2196 359.622009
2197 359.620636
2198 359.627594
2199 359.640106
2200 359.610901
2201 359.616455
2202 359.624817
2203 359.647064
2204 359.648438
2205 359.630371
2206 359.626190
2207 359.634521
2208 359.644257
2209 359.641479
2210 359.641479
2211 359.630371
2212 359.633148
2213 359.645660
2214 359.634521
2215 359.623413
2216 359.622009
2217 359.581696
2218 359.562225
2219 359.580322
2220 359.576141
2221 359.599792
2222 359.606720
2223 359.581696
2224 359.569183
2225 359.573364
2226 359.545532
2227 359.533020
2228 359.533020
2229 359.546936
2230 359.553894
2231 359.549713
2232 359.571960
2233 359.571960
2234 359.573364
2235 359.588654
2236 359.588654
2237 359.580322
2238 359.574738
2239 359.565002
2240 359.567810
2241 359.549713
2242 359.570587
2243 359.583099
2244 359.591431
2245 359.622009
2246 359.606720
2247 359.577515
2248 359.585876
2249 359.565002
2250 359.573364
2251 359.574738
2252 359.567810
2253 359.551117
2254 359.555267
2255 359.563629
2256 359.555267
2257 359.546936
2258 359.544159
2259 359.530243
2260 359.526062
2261 359.523285
2262 359.499664
2263 359.496857
2264 359.477386
2265 359.476013
2266 359.487122
2267 359.487122
2268 359.514954
2269 359.513550
2270 359.509399
2271 359.524689
2272 359.545532
2273 359.535797
2274 359.526062
2275 359.512177
2276 359.487122
2277 359.476013
2278 359.510773
2279 359.501038
2280 359.494080
2281 359.481567
2282 359.477386
2283 359.494080
2284 359.509399
2285 359.492706
2286 359.494080
2287 359.503815
2288 359.513550
2289 359.514954
2290 359.520508
2291 359.509399
2292 359.519135
2293 359.521912
2294 359.521912
2295 359.520508
2296 359.516327
2297 359.513550
2298 359.498260
2299 359.487122
2300 359.499664
2301 359.494080
2302 359.501038
2303 359.498260
2304 359.501038
2305 359.513550
2306 359.507996
2307 359.514954
2308 359.514954
2309 359.519135
2310 359.521912
2311 359.507996
2312 359.492706
2313 359.469055
2314 359.467651
2315 359.464874
2316 359.453766
2317 359.460693
2318 359.471832
2319 359.473236
2320 359.470459
2321 359.456543
2322 359.459320
2323 359.481567
2324 359.489929
2325 359.516327
2326 359.503815
2327 359.513550
2328 359.527466
2329 359.514954
2330 359.535797
2331 359.538605
2332 359.530243
2333 359.528870
2334 359.533020
2335 359.530243
2336 359.533020
2337 359.526062
2338 359.533020
2339 359.521912
2340 359.505219
2341 359.487122
2342 359.492706
2343 359.492706
2344 359.487122
2345 359.473236
2346 359.473236
2347 359.445404
2348 359.453766
2349 359.446808
2350 359.448181
2351 359.457916
2352 359.481567
2353 359.495483
2354 359.505219
2355 359.492706
2356 359.482971
2357 359.476013
2358 359.462097
2359 359.476013
2360 359.492706
2361 359.494080
2362 359.491302
2363 359.496857
2364 359.498260
2365 359.505219
2366 359.514954
2367 359.533020
2368 359.533020
2369 359.535797
2370 359.563629
2371 359.577515
2372 359.565002
2373 359.574738
2374 359.596985
2375 359.592834
2376 359.598389
2377 359.587250
2378 359.598389
2379 359.599792
2380 359.584473
2381 359.599792
2382 359.594208
2383 359.588654
2384 359.587250
2385 359.590057
2386 359.581696
2387 359.562225
2388 359.552490
2389 359.544159
2390 359.527466
2391 359.524689
2392 359.498260
2393 359.495483
2394 359.498260
2395 359.484344
2396 359.496857
2397 359.501038
2398 359.491302
2399 359.491302
2400 359.498260
2401 359.481567
2402 359.467651
2403 359.494080
2404 359.503815
2405 359.501038
2406 359.505219
2407 359.488525
2408 359.480194
2409 359.487122
2410 359.482971
2411 359.470459
2412 359.489929
2413 359.481567
2414 359.506592
2415 359.507996
2416 359.510773
2417 359.523285
2418 359.520508
2419 359.523285
2420 359.539978
2421 359.531647
2422 359.534424
2423 359.545532
2424 359.533020
2425 359.523285
2426 359.535797
2427 359.519135
2428 359.549713
2429 359.558075
2430 359.545532
2431 359.537201
2432 359.530243
2433 359.545532
2434 359.541382
2435 359.553894
2436 359.566406
2437 359.567810
2438 359.552490
2439 359.567810
2440 359.556671
2441 359.535797
2442 359.552490
2443 359.537201
2444 359.553894
2445 359.551117
2446 359.551117
2447 359.576141
2448 359.581696
2449 359.584473
2450 359.594208
2451 359.587250
2452 359.598389
2453 359.585876
2454 359.573364
2455 359.565002
2456 359.562225
2457 359.546936
2458 359.555267
2459 359.538605
2460 359.539978
2461 359.524689
2462 359.528870
2463 359.516327
2464 359.506592
2465 359.489929
2466 359.502441
2467 359.487122
2468 359.487122
2469 359.476013
2470 359.476013
2471 359.495483
2472 359.476013
2473 359.492706
2474 359.489929
2475 359.502441
2476 359.505219
2477 359.507996
2478 359.501038
2479 359.495483
2480 359.489929
2481 359.496857
2482 359.496857
2483 359.513550
2484 359.510773
2485 359.499664
2486 359.513550
2487 359.519135
2488 359.513550
2489 359.509399
2490 359.512177
2491 359.506592
2492 359.517731
2493 359.498260
2494 359.513550
2495 359.510773
2496 359.512177
2497 359.524689
2498 359.513550
2499 359.520508
2500 359.549713
2501 359.534424
2502 359.553894
2503 359.546936
2504 359.538605
2505 359.521912
2506 359.514954
2507 359.507996
2508 359.519135
2509 359.530243
2510 359.519135
2511 359.523285
2512 359.523285
2513 359.516327
2514 359.520508
2515 359.519135
2516 359.517731
2517 359.526062
2518 359.520508
2519 359.531647
2520 359.537201
2521 359.537201
2522 359.533020
2523 359.542755
2524 359.551117
2525 359.562225
2526 359.573364
2527 359.552490
2528 359.571960
2529 359.556671
2530 359.563629
2531 359.573364
2532 359.581696
2533 359.595612
2534 359.596985
2535 359.594208
2536 359.590057
2537 359.555267
2538 359.565002
2539 359.548340
2540 359.541382
2541 359.537201
2542 359.545532
2543 359.527466
2544 359.520508
2545 359.527466
2546 359.509399
2547 359.505219
2548 359.498260
2549 359.502441
2550 359.503815
2551 359.507996
2552 359.488525
2553 359.499664
2554 359.492706
2555 359.470459
2556 359.453766
2557 359.456543
2558 359.466278
2559 359.478790
2560 359.480194
2561 359.453766
2562 359.476013
2563 359.478790
2564 359.495483
2565 359.495483
2566 359.491302
2567 359.478790
2568 359.484344
2569 359.473236
2570 359.484344
2571 359.480194
2572 359.503815
2573 359.506592
2574 359.524689
2575 359.537201
2576 359.551117
2577 359.539978
2578 359.526062
2579 359.527466
2580 359.533020
2581 359.523285
2582 359.530243
2583 359.531647
2584 359.531647
2585 359.516327
2586 359.523285
2587 359.513550
2588 359.509399
2589 359.517731
2590 359.510773
2591 359.503815
2592 359.506592
2593 359.505219
2594 359.524689
2595 359.534424
2596 359.521912
2597 359.551117
2598 359.544159
2599 359.531647
2600 359.541382
2601 359.551117
2602 359.542755
2603 359.541382
2604 359.544159
2605 359.545532
2606 359.538605
2607 359.535797
2608 359.523285
2609 359.523285
2610 359.514954
2611 359.498260
2612 359.510773
2613 359.524689
2614 359.519135
2615 359.528870
2616 359.539978
2617 359.539978
2618 359.530243
2619 359.533020
2620 359.534424
2621 359.531647
2622 359.528870
2623 359.533020
2624 359.542755
2625 359.541382
2626 359.551117
2627 359.551117
2628 359.545532
2629 359.539978
2630 359.542755
2631 359.542755
2632 359.558075
2633 359.566406
2634 359.544159
2635 359.533020
2636 359.521912
2637 359.546936
2638 359.549713
2639 359.539978
2640 359.545532
2641 359.516327
2642 359.509399
2643 359.519135
2644 359.494080
2645 359.481567
2646 359.485748
2647 359.470459
2648 359.463501
2649 359.480194
2650 359.477386
2651 359.478790
2652 359.476013
2653 359.462097
2654 359.467651
2655 359.464874
2656 359.463501
2657 359.450958
2658 359.462097
2659 359.456543
2660 359.456543
2661 359.456543
2662 359.462097
2663 359.456543
2664 359.457916
2665 359.450958
2666 359.450958
2667 359.427307
2668 359.423157
2669 359.448181
2670 359.449585
2671 359.456543
2672 359.453766
2673 359.439850
2674 359.444000
2675 359.460693
2676 359.462097
2677 359.450958
2678 359.470459
2679 359.482971
2680 359.478790
2681 359.471832
2682 359.478790
2683 359.484344
2684 359.488525
2685 359.481567
2686 359.476013
2687 359.480194
2688 359.494080
2689 359.491302
2690 359.485748
2691 359.510773
2692 359.495483
2693 359.501038
2694 359.498260
2695 359.494080
2696 359.503815
2697 359.513550
2698 359.509399
2699 359.506592
2700 359.523285
2701 359.520508
2702 359.528870
2703 359.524689
2704 359.523285
2705 359.501038
2706 359.494080
2707 359.502441
2708 359.482971
2709 359.494080
2710 359.494080
2711 359.494080
2712 359.502441
2713 359.487122
2714 359.492706
2715 359.502441
2716 359.487122
2717 359.469055
2718 359.492706
2719 359.474609
2720 359.474609
2721 359.487122
2722 359.478790
2723 359.481567
2724 359.481567
2725 359.471832
2726 359.474609
2727 359.480194
2728 359.477386
2729 359.464874
2730 359.469055
2731 359.480194
2732 359.503815
2733 359.502441
2734 359.513550
2735 359.519135
2736 359.521912
2737 359.530243
2738 359.519135
2739 359.523285
2740 359.519135
2741 359.519135
2742 359.502441
2743 359.484344
2744 359.480194
2745 359.476013
2746 359.471832
2747 359.474609
2748 359.467651
2749 359.466278
2750 359.470459
2751 359.480194
2752 359.492706
2753 359.495483
2754 359.477386
2755 359.480194
2756 359.482971
2757 359.495483
2758 359.506592
2759 359.505219
2760 359.510773
2761 359.506592
2762 359.509399
2763 359.510773
2764 359.502441
2765 359.509399
2766 359.509399
2767 359.505219
2768 359.512177
2769 359.501038
2770 359.491302
2771 359.495483
2772 359.507996
2773 359.502441
2774 359.501038
2775 359.471832
2776 359.488525
2777 359.480194
2778 359.480194
2779 359.474609
2780 359.470459
2781 359.482971
2782 359.484344
2783 359.480194
2784 359.476013
2785 359.471832
2786 359.477386
2787 359.482971
2788 359.474609
2789 359.473236
2790 359.485748
2791 359.470459
2792 359.467651
2793 359.473236
2794 359.495483
2795 359.506592
2796 359.506592
2797 359.507996
2798 359.506592
2799 359.501038
2800 359.498260
2801 359.480194
2802 359.478790
2803 359.478790
2804 359.481567
2805 359.450958
2806 359.452362
2807 359.469055
2808 359.459320
2809 359.473236
2810 359.480194
2811 359.482971
2812 359.494080
2813 359.510773
2814 359.517731
2815 359.517731
2816 359.514954
2817 359.514954
2818 359.512177
2819 359.517731
2820 359.513550
2821 359.513550
2822 359.491302
2823 359.470459
2824 359.485748
2825 359.470459
2826 359.484344
2827 359.471832
2828 359.467651
2829 359.467651
2830 359.471832
2831 359.470459
2832 359.446808
2833 359.435669
2834 359.424530
2835 359.424530
2836 359.406464
2837 359.405060
2838 359.399506
2839 359.414795
2840 359.418976
2841 359.405060
2842 359.410614
2843 359.391144
2844 359.398102
2845 359.384186
2846 359.391144
2847 359.413422
2848 359.410614
2849 359.395325
2850 359.393921
2851 359.384186
2852 359.373077
2853 359.375854
2854 359.350800
2855 359.348022
2856 359.363312
2857 359.360535
2858 359.341064
2859 359.327148
2860 359.329926
2861 359.307678
2862 359.317413
2863 359.306274
2864 359.295135
2865 359.288177
2866 359.289581
2867 359.293762
2868 359.288177
2869 359.293762
2870 359.293762
2871 359.302094
2872 359.348022
2873 359.348022
2874 359.354980
2875 359.361938
2876 359.352203
2877 359.346619
2878 359.353577
2879 359.348022
2880 359.348022
2881 359.341064
2882 359.350800
2883 359.352203
2884 359.367493
2885 359.353577
2886 359.360535
2887 359.339661
2888 359.335510
2889 359.343842
2890 359.343842
2891 359.356384
2892 359.361938
2893 359.359161
2894 359.367493
2895 359.364716
2896 359.363312
2897 359.354980
2898 359.353577
2899 359.363312
2900 359.366119
2901 359.368896
2902 359.357758
2903 359.352203
2904 359.357758
2905 359.336884
2906 359.350800
2907 359.349426
2908 359.339661
2909 359.332703
2910 359.332703
2911 359.352203
2912 359.338287
2913 359.357758
2914 359.342468
2915 359.346619
2916 359.334106
2917 359.339661
2918 359.367493
2919 359.368896
2920 359.367493
2921 359.356384
2922 359.353577
2923 359.338287
2924 359.343842
2925 359.343842
2926 359.348022
2927 359.335510
2928 359.336884
2929 359.316010
2930 359.327148
2931 359.324371
2932 359.322968
2933 359.318787
2934 359.327148
2935 359.331329
2936 359.317413
2937 359.295135
2938 359.300720
2939 359.311829
2940 359.317413
2941 359.306274
2942 359.297913
2943 359.300720
2944 359.299316
2945 359.296539
2946 359.292358
2947 359.293762
2948 359.277039
2949 359.286804
2950 359.278442
2951 359.283997
2952 359.299316
2953 359.304871
2954 359.328552
2955 359.327148
2956 359.317413
2957 359.306274
2958 359.318787
2959 359.324371
2960 359.353577
2961 359.348022
2962 359.320190
2963 359.317413
2964 359.322968
2965 359.296539
2966 359.286804
2967 359.297913
2968 359.311829
2969 359.322968
2970 359.327148
2971 359.335510
2972 359.350800
2973 359.367493
2974 359.350800
2975 359.356384
2976 359.350800
2977 359.356384
2978 359.384186
2979 359.385590
2980 359.386963
2981 359.399506
2982 359.385590
2983 359.384186
2984 359.388367
2985 359.407837
2986 359.402283
2987 359.395325
2988 359.398102
2989 359.414795
2990 359.420380
2991 359.414795
2992 359.416199
2993 359.420380
2994 359.403687
2995 359.412018
2996 359.402283
2997 359.392548
2998 359.410614
2999 359.406464
3000 359.413422
3001 359.414795
3002 359.413422
3003 359.407837
3004 359.425934
3005 359.403687
3006 359.396729
3007 359.393921
3008 359.400879
3009 359.392548
3010 359.400879
3011 359.416199
3012 359.417572
3013 359.389771
3014 359.405060
3015 359.416199
3016 359.423157
3017 359.403687
3018 359.448181
3019 359.442627
3020 359.449585
3021 359.467651
3022 359.462097
3023 359.460693
3024 359.496857
3025 359.484344
3026 359.487122
3027 359.491302
3028 359.496857
3029 359.480194
3030 359.480194
3031 359.467651
3032 359.450958
3033 359.471832
3034 359.474609
3035 359.462097
3036 359.469055
3037 359.464874
3038 359.455139
3039 359.469055
3040 359.446808
3041 359.460693
3042 359.445404
3043 359.446808
3044 359.439850
3045 359.407837
3046 359.402283
3047 359.392548
3048 359.380035
3049 359.385590
3050 359.388367
3051 359.392548
3052 359.393921
3053 359.406464
3054 359.396729
3055 359.420380
3056 359.406464
3057 359.427307
3058 359.446808
3059 359.437073
3060 359.437073
3061 359.427307
3062 359.438446
3063 359.420380
3064 359.425934
3065 359.430115
3066 359.425934
3067 359.450958
3068 359.455139
3069 359.448181
3070 359.456543
3071 359.466278
3072 359.460693
3073 359.446808
3074 359.449585
3075 359.450958
3076 359.452362
3077 359.439850
3078 359.424530
3079 359.434265
3080 359.441223
3081 359.463501
3082 359.473236
3083 359.452362
3084 359.444000
3085 359.444000
3086 359.432892
3087 359.437073
3088 359.438446
3089 359.456543
3090 359.473236
3091 359.469055
3092 359.435669
3093 359.431488
3094 359.439850
3095 359.453766
3096 359.467651
3097 359.481567
3098 359.469055
3099 359.484344
3100 359.498260
3101 359.495483
3102 359.499664
3103 359.514954
3104 359.510773
3105 359.506592
3106 359.492706
3107 359.484344
3108 359.498260
3109 359.517731
3110 359.494080
3111 359.510773
3112 359.519135
3113 359.516327
3114 359.514954
3115 359.531647
3116 359.533020
3117 359.555267
3118 359.559448
3119 359.524689
3120 359.538605
3121 359.545532
3122 359.533020
3123 359.520508
3124 359.517731
3125 359.510773
3126 359.559448
3127 359.560852
3128 359.562225
3129 359.541382
3130 359.551117
3131 359.531647
3132 359.560852
3133 359.556671
3134 359.537201
3135 359.569183
3136 359.583099
3137 359.570587
3138 359.569183
3139 359.546936
3140 359.541382
3141 359.544159
3142 359.548340
3143 359.578918
3144 359.559448
3145 359.541382
3146 359.513550
3147 359.505219
3148 359.492706
3149 359.488525
3150 359.489929
3151 359.509399
3152 359.502441
3153 359.488525
3154 359.481567
3155 359.491302
3156 359.489929
3157 359.492706
3158 359.494080
3159 359.496857
3160 359.491302
3161 359.485748
3162 359.484344
3163 359.495483
3164 359.514954
3165 359.520508
3166 359.548340
3167 359.559448
3168 359.573364
3169 359.578918
3170 359.555267
3171 359.553894
3172 359.544159
3173 359.541382
3174 359.556671
3175 359.563629
3176 359.565002
3177 359.565002
3178 359.591431
3179 359.612305
3180 359.623413
3181 359.619232
3182 359.612305
3183 359.617859
3184 359.617859
3185 359.626190
3186 359.623413
3187 359.641479
3188 359.645660
3189 359.642883
3190 359.641479
3191 359.651215
3192 359.644257
3193 359.647064
3194 359.620636
3195 359.602570
3196 359.617859
3197 359.603943
3198 359.605347
3199 359.615082
3200 359.610901
3201 359.599792
3202 359.590057
3203 359.571960
3204 359.585876
3205 359.590057
3206 359.595612
3207 359.587250
3208 359.587250
3209 359.608124
3210 359.596985
3211 359.598389
3212 359.603943
3213 359.590057
3214 359.599792
3215 359.601166
3216 359.620636
3217 359.623413
3218 359.610901
3219 359.622009
3220 359.645660
3221 359.627594
3222 359.630371
3223 359.641479
3224 359.652618
3225 359.653992
3226 359.641479
3227 359.659576
3228 359.642883
3229 359.642883
3230 359.656769
3231 359.670685
3232 359.673462
3233 359.659576
3234 359.644257
3235 359.655396
3236 359.633148
3237 359.635925
3238 359.624817
3239 359.630371
3240 359.637329
3241 359.645660
3242 359.626190
3243 359.635925
3244 359.637329
3245 359.635925
3246 359.633148
3247 359.626190
3248 359.648438
3249 359.662354
3250 359.640106
3251 359.628967
3252 359.637329
3253 359.647064
3254 359.620636
3255 359.642883
3256 359.663727
3257 359.666504
3258 359.666504
3259 359.670685
3260 359.679016
3261 359.669281
3262 359.674866
3263 359.683197
3264 359.676239
3265 359.694305
3266 359.694305
3267 359.677643
3268 359.685974
3269 359.691528
3270 359.683197
3271 359.676239
3272 359.673462
3273 359.684570
3274 359.666504
3275 359.666504
3276 359.670685
3277 359.670685
3278 359.680420
3279 359.665131
3280 359.670685
3281 359.681793
3282 359.687378
3283 359.676239
3284 359.670685
3285 359.681793
3286 359.676239
3287 359.655396
3288 359.652618
3289 359.647064
3290 359.635925
3291 359.653992
3292 359.649841
3293 359.645660
3294 359.653992
3295 359.647064
3296 359.644257
3297 359.666504
3298 359.674866
3299 359.679016
3300 359.679016
3301 359.684570
3302 359.679016
3303 359.698486
3304 359.694305
3305 359.684570
3306 359.720734
3307 359.683197
3308 359.688751
3309 359.701263
3310 359.709595
3311 359.692932
3312 359.704041
3313 359.717957
3314 359.698486
3315 359.704041
3316 359.674866
3317 359.681793
3318 359.681793
3319 359.680420
3320 359.672058
3321 359.706818
3322 359.695709
3323 359.687378
3324 359.677643
3325 359.660950
3326 359.676239
3327 359.669281
3328 359.665131
3329 359.662354
3330 359.663727
3331 359.663727
3332 359.655396
3333 359.665131
3334 359.667908
3335 359.645660
3336 359.641479
3337 359.648438
3338 359.653992
3339 359.660950
3340 359.649841
3341 359.647064
3342 359.628967
3343 359.623413
3344 359.631744
3345 359.631744
3346 359.638702
3347 359.644257
3348 359.656769
3349 359.641479
3350 359.633148
3351 359.623413
3352 359.617859
3353 359.608124
3354 359.612305
3355 359.624817
3356 359.620636
3357 359.628967
3358 359.616455
3359 359.598389
3360 359.590057
3361 359.591431
3362 359.602570
3363 359.590057
3364 359.569183
3365 359.549713
3366 359.555267
3367 359.559448
3368 359.562225
3369 359.556671
3370 359.566406
3371 359.560852
3372 359.563629
3373 359.570587
3374 359.596985
3375 359.567810
3376 359.578918
3377 359.591431
3378 359.584473
3379 359.603943
3380 359.599792
3381 359.596985
3382 359.612305
3383 359.613678
3384 359.602570
3385 359.602570
3386 359.619232
3387 359.616455
3388 359.606720
3389 359.596985
3390 359.596985
3391 359.596985
3392 359.610901
3393 359.602570
3394 359.626190
3395 359.628967
3396 359.612305
3397 359.622009
3398 359.602570
3399 359.608124
3400 359.606720
3401 359.591431
3402 359.584473
3403 359.605347
3404 359.609497
3405 359.570587
3406 359.581696
3407 359.598389
3408 359.594208
3409 359.595612
3410 359.605347
3411 359.615082
3412 359.598389
3413 359.587250
3414 359.576141
3415 359.584473
3416 359.578918
3417 359.576141
3418 359.571960
3419 359.577515
3420 359.591431
3421 359.585876
3422 359.599792
3423 359.605347
3424 359.609497
3425 359.605347
3426 359.619232
3427 359.619232
3428 359.619232
3429 359.622009
3430 359.633148
3431 359.656769
3432 359.656769
3433 359.674866
3434 359.685974
3435 359.688751
3436 359.702667
3437 359.695709
3438 359.695709
3439 359.704041
3440 359.705444
3441 359.713776
3442 359.730469
3443 359.731842
3444 359.733246
3445 359.752686
3446 359.752686
3447 359.756866
3448 359.747131
3449 359.736023
3450 359.719330
3451 359.704041
3452 359.688751
3453 359.698486
3454 359.708221
3455 359.706818
3456 359.719330
3457 359.710999
3458 359.683197
3459 359.677643
3460 359.660950
3461 359.658173
3462 359.670685
3463 359.688751
3464 359.715179
3465 359.704041
3466 359.697083
3467 359.708221
3468 359.691528
3469 359.698486
3470 359.690155
3471 359.674866
3472 359.676239
3473 359.698486
3474 359.680420
3475 359.674866
3476 359.666504
3477 359.662354
3478 359.672058
3479 359.669281
3480 359.644257
3481 359.644257
3482 359.634521
3483 359.642883
3484 359.648438
3485 359.638702
3486 359.620636
3487 359.591431
3488 359.617859
3489 359.616455
3490 359.608124
3491 359.598389
3492 359.587250
3493 359.581696
3494 359.566406
3495 359.542755
3496 359.541382
3497 359.551117
3498 359.539978
3499 359.513550
3500 359.502441
3501 359.481567
3502 359.457916
3503 359.487122
3504 359.481567
3505 359.491302
3506 359.499664
3507 359.491302
3508 359.495483
3509 359.503815
3510 359.510773
3511 359.503815
3512 359.501038
3513 359.505219
3514 359.510773
3515 359.512177
3516 359.514954
3517 359.549713
3518 359.545532
3519 359.549713
3520 359.544159
3521 359.541382
3522 359.542755
3523 359.571960
3524 359.545532
3525 359.573364
3526 359.590057
3527 359.585876
3528 359.594208
3529 359.594208
3530 359.594208
3531 359.608124
3532 359.584473
3533 359.588654
3534 359.577515
3535 359.574738
3536 359.569183
3537 359.553894
3538 359.553894
3539 359.583099
3540 359.580322
3541 359.599792
3542 359.596985
3543 359.588654
3544 359.565002
3545 359.563629
3546 359.570587
3547 359.585876
3548 359.565002
3549 359.566406
3550 359.556671
3551 359.558075
3552 359.563629
3553 359.562225
3554 359.544159
3555 359.553894
3556 359.566406
3557 359.581696
3558 359.581696
3559 359.588654
3560 359.591431
3561 359.603943
3562 359.599792
3563 359.612305
3564 359.630371
3565 359.628967
3566 359.633148
3567 359.634521
3568 359.620636
3569 359.619232
3570 359.624817
3571 359.638702
3572 359.635925
3573 359.624817
3574 359.631744
3575 359.640106
3576 359.648438
3577 359.663727
3578 359.685974
3579 359.666504
3580 359.667908
3581 359.652618
3582 359.647064
3583 359.667908
3584 359.659576
3585 359.641479
3586 359.633148
3587 359.638702
3588 359.642883
3589 359.647064
3590 359.655396
3591 359.659576
3592 359.645660
3593 359.647064
3594 359.659576
3595 359.649841
3596 359.647064
3597 359.649841
3598 359.679016
3599 359.681793
3600 359.687378
3601 359.685974
3602 359.673462
3603 359.677643
3604 359.684570
3605 359.677643
3606 359.694305
3607 359.685974
3608 359.687378
3609 359.683197
3610 359.681793
3611 359.670685
3612 359.652618
3613 359.642883
3614 359.648438
3615 359.651215
3616 359.659576
3617 359.648438
3618 359.649841
3619 359.666504
3620 359.662354
3621 359.651215
3622 359.645660
3623 359.648438
3624 359.638702
3625 359.640106
3626 359.628967
3627 359.648438
3628 359.651215
3629 359.630371
3630 359.628967
3631 359.641479
3632 359.635925
3633 359.651215
3634 359.656769
3635 359.666504
3636 359.672058
3637 359.679016
3638 359.672058
3639 359.694305
3640 359.692932
3641 359.690155
3642 359.695709
3643 359.708221
3644 359.712372
3645 359.702667
3646 359.692932
3647 359.701263
3648 359.709595
3649 359.715179
3650 359.702667
3651 359.740173
3652 359.742950
3653 359.749908
3654 359.758240
3655 359.745758
3656 359.749908
3657 359.767975
3658 359.762421
3659 359.740173
3660 359.761017
3661 359.754089
3662 359.758240
3663 359.742950
3664 359.733246
3665 359.729065
3666 359.727661
3667 359.723511
3668 359.713776
3669 359.720734
3670 359.730469
3671 359.712372
3672 359.723511
3673 359.730469
3674 359.705444
3675 359.715179
3676 359.708221
3677 359.709595
3678 359.723511
3679 359.701263
3680 359.705444
3681 359.699890
3682 359.683197
3683 359.677643
3684 359.665131
3685 359.673462
3686 359.691528
3687 359.676239
3688 359.679016
3689 359.677643
3690 359.695709
3691 359.676239
3692 359.674866
3693 359.685974
3694 359.695709
3695 359.706818
3696 359.709595
3697 359.697083
3698 359.706818
3699 359.681793
3700 359.679016
3701 359.679016
3702 359.669281
3703 359.655396
3704 359.666504
3705 359.667908
3706 359.674866
3707 359.685974
3708 359.683197
3709 359.676239
3710 359.683197
3711 359.667908
3712 359.687378
3713 359.688751
3714 359.685974
3715 359.694305
3716 359.701263
3717 359.704041
3718 359.694305
3719 359.670685
3720 359.663727
3721 359.667908
3722 359.672058
3723 359.674866
3724 359.677643
3725 359.667908
3726 359.685974
3727 359.687378
3728 359.684570
3729 359.690155
3730 359.670685
3731 359.669281
3732 359.683197
3733 359.690155
3734 359.684570
3735 359.672058
3736 359.656769
3737 359.662354
3738 359.681793
3739 359.697083
3740 359.704041
3741 359.697083
3742 359.692932
3743 359.692932
3744 359.697083
3745 359.691528
3746 359.697083
3747 359.698486
3748 359.705444
3749 359.710999
3750 359.710999
3751 359.694305
3752 359.688751
3753 359.673462
3754 359.665131
3755 359.655396
3756 359.665131
3757 359.666504
3758 359.665131
3759 359.649841
3760 359.641479
3761 359.644257
3762 359.624817
3763 359.599792
3764 359.616455
3765 359.608124
3766 359.595612
3767 359.587250
3768 359.581696
3769 359.583099
3770 359.570587
3771 359.571960
3772 359.569183
3773 359.580322
3774 359.570587
3775 359.558075
3776 359.556671
3777 359.581696
3778 359.585876
3779 359.595612
3780 359.601166
3781 359.599792
3782 359.585876
3783 359.595612
3784 359.590057
3785 359.595612
3786 359.602570
3787 359.605347
3788 359.596985
3789 359.591431
3790 359.590057
3791 359.594208
3792 359.595612
3793 359.620636
3794 359.626190
3795 359.613678
3796 359.603943
3797 359.595612
3798 359.596985
3799 359.588654
3800 359.591431
3801 359.580322
3802 359.574738
3803 359.563629
3804 359.574738
3805 359.580322
3806 359.583099
3807 359.574738
3808 359.588654
3809 359.598389
3810 359.587250
3811 359.581696
3812 359.573364
3813 359.555267
3814 359.563629
3815 359.548340
3816 359.559448
3817 359.558075
3818 359.558075
3819 359.555267
3820 359.570587
3821 359.559448
3822 359.562225
3823 359.574738
3824 359.581696
3825 359.574738
3826 359.592834
3827 359.601166
3828 359.594208
3829 359.594208
3830 359.590057
3831 359.580322
3832 359.598389
3833 359.581696
3834 359.606720
3835 359.615082
3836 359.605347
3837 359.601166
3838 359.603943
3839 359.603943
3840 359.601166
3841 359.577515
3842 359.585876
3843 359.576141
3844 359.574738
3845 359.587250
3846 359.588654
3847 359.581696
3848 359.573364
3849 359.576141
3850 359.591431
3851 359.585876
3852 359.594208
3853 359.576141
3854 359.594208
3855 359.608124
3856 359.605347
3857 359.599792
3858 359.584473
3859 359.603943
3860 359.576141
3861 359.581696
3862 359.592834
3863 359.587250
3864 359.578918
3865 359.571960
3866 359.570587
3867 359.565002
3868 359.590057
3869 359.587250
3870 359.591431
3871 359.606720
3872 359.605347
3873 359.630371
3874 359.648438
3875 359.640106
3876 359.649841
3877 359.634521
3878 359.638702
3879 359.627594
3880 359.622009
3881 359.626190
3882 359.628967
3883 359.627594
3884 359.610901
3885 359.619232
3886 359.624817
3887 359.605347
3888 359.610901
3889 359.590057
3890 359.574738
3891 359.598389
3892 359.595612
3893 359.567810
3894 359.577515
3895 359.578918
3896 359.578918
3897 359.613678
3898 359.609497
3899 359.578918
3900 359.592834
3901 359.596985
3902 359.580322
3903 359.588654
3904 359.583099
3905 359.585876
3906 359.577515
3907 359.588654
3908 359.596985
3909 359.624817
3910 359.624817
3911 359.651215
3912 359.651215
3913 359.660950
3914 359.644257
3915 359.655396
3916 359.663727
3917 359.674866
3918 359.704041
3919 359.680420
3920 359.683197
3921 359.687378
3922 359.691528
3923 359.687378
3924 359.691528
3925 359.702667
3926 359.704041
3927 359.699890
3928 359.685974
3929 359.709595
3930 359.706818
3931 359.702667
3932 359.712372
3933 359.717957
3934 359.702667
3935 359.734619
3936 359.737396
3937 359.722107
3938 359.708221
3939 359.713776
3940 359.723511
3941 359.722107
3942 359.726288
3943 359.712372
3944 359.717957
3945 359.742950
3946 359.747131
3947 359.740173
3948 359.752686
3949 359.731842
3950 359.737396
3951 359.741577
3952 359.729065
3953 359.736023
3954 359.722107
3955 359.733246
3956 359.723511
3957 359.736023
3958 359.745758
3959 359.747131
3960 359.737396
3961 359.740173
3962 359.724884
3963 359.722107
3964 359.741577
3965 359.742950
3966 359.742950
3967 359.734619
3968 359.748535
3969 359.766602
3970 359.766602
3971 359.769379
3972 359.774933
3973 359.762421
3974 359.758240
3975 359.756866
3976 359.759644
3977 359.737396
3978 359.744354
3979 359.736023
3980 359.722107
3981 359.734619
3982 359.731842
3983 359.717957
3984 359.712372
3985 359.713776
3986 359.726288
3987 359.715179
3988 359.722107
3989 359.706818
3990 359.713776
3991 359.727661
3992 359.737396
3993 359.717957
3994 359.709595
3995 359.701263
3996 359.730469
3997 359.727661
3998 359.716553
3999 359.720734
4000 359.737396
4001 359.745758
4002 359.731842
4003 359.734619
4004 359.706818
4005 359.699890
4006 359.719330
4007 359.713776
4008 359.695709
4009 359.688751
4010 359.692932
4011 359.688751
4012 359.679016
4013 359.699890
4014 359.685974
4015 359.702667
4016 359.690155
4017 359.683197
4018 359.685974
4019 359.706818
4020 359.701263
4021 359.690155
4022 359.694305
4023 359.672058
4024 359.673462
4025 359.684570
4026 359.680420
4027 359.673462
4028 359.658173
4029 359.665131
4030 359.649841
4031 359.640106
4032 359.637329
4033 359.648438
4034 359.637329
4035 359.637329
4036 359.670685
4037 359.658173
4038 359.656769
4039 359.647064
4040 359.641479
4041 359.655396
4042 359.641479
4043 359.647064
4044 359.634521
4045 359.658173
4046 359.630371
4047 359.641479
4048 359.651215
4049 359.660950
4050 359.666504
4051 359.669281
4052 359.656769
4053 359.652618
4054 359.669281
4055 359.663727
4056 359.687378
4057 359.694305
4058 359.704041
4059 359.691528
4060 359.715179
4061 359.705444
4062 359.706818
4063 359.694305
4064 359.715179
4065 359.708221
4066 359.720734
4067 359.734619
4068 359.740173
4069 359.727661
4070 359.722107
4071 359.730469
4072 359.742950
4073 359.731842
4074 359.738800
4075 359.723511
4076 359.719330
4077 359.733246
4078 359.736023
4079 359.722107
4080 359.713776
4081 359.705444
4082 359.705444
4083 359.723511
4084 359.736023
4085 359.692932
4086 359.704041
4087 359.702667
4088 359.694305
4089 359.708221
4090 359.690155
4091 359.697083
4092 359.680420
4093 359.677643
4094 359.701263
4095 359.681793
4096 359.688751
4097 359.670685
4098 359.673462
4099 359.681793
4100 359.676239
4101 359.660950
4102 359.658173
4103 359.662354
4104 359.652618
4105 359.642883
4106 359.649841
4107 359.644257
4108 359.634521
4109 359.624817
4110 359.615082
4111 359.615082
4112 359.616455
4113 359.605347
4114 359.606720
4115 359.610901
4116 359.594208
4117 359.592834
4118 359.595612
4119 359.594208
4120 359.594208
4121 359.583099
4122 359.573364
4123 359.576141
4124 359.580322
4125 359.587250
4126 359.577515
4127 359.570587
4128 359.556671
4129 359.574738
4130 359.580322
4131 359.587250
4132 359.581696
4133 359.581696
4134 359.569183
4135 359.588654
4136 359.590057
4137 359.578918
4138 359.590057
4139 359.583099
4140 359.594208
time: 40230.6 ms
