repeats: 400
dykstra: 10
gray: 1
level: 8
L: 3.4641
tau: 0.288675
sigma: 0.288675
lambda: 0.1
nu: 0.001
image: 127 x 127
1790640128 2146762752
1 251.475647
2 252.261765
3 260.301758
4 270.148102
5 275.455994
6 282.136505
7 286.372131
8 292.292664
9 295.518188
10 296.678284
11 297.075745
12 297.196899
13 297.222137
14 297.218781
15 297.223816
16 297.240631
17 297.233917
18 297.249054
19 297.250732
20 297.254089
21 297.270935
22 297.301208
23 297.294464
24 297.304565
25 297.304565
26 297.334839
27 297.358368
28 297.378540
29 297.380219
30 297.373505
31 297.371826
32 297.365082
33 297.351654
34 297.344910
35 297.353333
36 297.376862
37 297.386963
38 297.407135
39 297.405457
40 297.447479
41 297.454193
42 297.447479
43 297.449158
44 297.428986
45 297.418884
46 297.420563
47 297.430664
48 297.422272
49 297.427307
50 297.462616
51 297.462616
52 297.496216
53 297.509674
54 297.502930
55 297.504608
56 297.518066
57 297.514709
58 297.501251
59 297.487823
60 297.471008
61 297.469330
62 297.447479
63 297.407135
64 297.418884
65 297.388641
66 297.371826
67 297.381897
68 297.385284
69 297.398712
70 297.435699
71 297.459229
72 297.464294
73 297.467651
74 297.502930
75 297.502930
76 297.507996
77 297.538239
78 297.509674
79 297.499573
80 297.523102
81 297.518066
82 297.516388
83 297.507996
84 297.484467
85 297.497894
86 297.496216
87 297.507996
88 297.497894
89 297.511353
90 297.514709
91 297.502930
92 297.519745
93 297.516388
94 297.513031
95 297.514709
96 297.514709
97 297.516388
98 297.509674
99 297.507996
100 297.514709
101 297.511353
102 297.539917
103 297.543274
104 297.565125
105 297.573517
106 297.583588
107 297.598724
108 297.610474
109 297.588654
110 297.595367
111 297.608795
112 297.632324
113 297.649109
114 297.644073
115 297.659210
116 297.714630
117 297.719666
118 297.711273
119 297.704559
120 297.731415
121 297.744843
122 297.761658
123 297.758301
124 297.748230
125 297.753265
126 297.746552
127 297.741486
128 297.763336
129 297.771729
130 297.781799
131 297.788513
132 297.775085
133 297.793549
134 297.813690
135 297.818726
136 297.815369
137 297.798584
138 297.806976
139 297.810333
140 297.795227
141 297.788513
142 297.771729
143 297.795227
144 297.800262
145 297.798584
146 297.801941
147 297.800262
148 297.812012
149 297.805298
150 297.818726
151 297.805298
152 297.801941
153 297.783478
154 297.791870
155 297.778442
156 297.761658
157 297.786835
158 297.796906
159 297.781799
160 297.780121
161 297.796906
162 297.790192
163 297.778442
164 297.786835
165 297.818726
166 297.823761
167 297.825439
168 297.806976
169 297.810333
170 297.828796
171 297.817047
172 297.817047
173 297.803619
174 297.798584
175 297.822083
176 297.820404
177 297.827118
178 297.817047
179 297.825439
180 297.798584
181 297.790192
182 297.788513
183 297.781799
184 297.773407
185 297.793549
186 297.771729
187 297.780121
188 297.778442
189 297.771729
190 297.775085
191 297.768372
192 297.776764
193 297.761658
194 297.744843
195 297.759979
196 297.768372
197 297.771729
198 297.770050
199 297.783478
200 297.761658
201 297.749908
202 297.759979
203 297.783478
204 297.771729
205 297.776764
206 297.780121
207 297.766693
208 297.776764
209 297.768372
210 297.783478
211 297.766693
212 297.766693
213 297.759979
214 297.748230
215 297.744843
216 297.746552
217 297.741486
218 297.748230
219 297.763336
220 297.759979
221 297.754944
222 297.748230
223 297.775085
224 297.763336
225 297.756622
226 297.751587
227 297.749908
228 297.743164
229 297.734772
230 297.721344
231 297.724701
232 297.716309
233 297.714630
234 297.706238
235 297.717987
236 297.707916
237 297.704559
238 297.701202
239 297.689423
240 297.674316
241 297.669281
242 297.664246
243 297.647430
244 297.628967
245 297.634003
246 297.623932
247 297.622253
248 297.615509
249 297.603760
250 297.607117
251 297.602081
252 297.622253
253 297.612152
254 297.608795
255 297.603760
256 297.612152
257 297.613831
258 297.617218
259 297.628967
260 297.625610
261 297.623932
262 297.623932
263 297.618896
264 297.627289
265 297.637360
266 297.642395
267 297.650787
268 297.659210
269 297.665924
270 297.657532
271 297.640717
272 297.625610
273 297.628967
274 297.634003
275 297.623932
276 297.620575
277 297.627289
278 297.637360
279 297.635681
280 297.623932
281 297.618896
282 297.605438
283 297.612152
284 297.612152
285 297.603760
286 297.600403
287 297.615509
288 297.610474
289 297.607117
290 297.620575
291 297.632324
292 297.623932
293 297.622253
294 297.610474
295 297.603760
296 297.615509
297 297.623932
298 297.620575
299 297.618896
300 297.625610
301 297.632324
302 297.620575
303 297.622253
304 297.622253
305 297.612152
306 297.608795
307 297.597046
308 297.608795
309 297.605438
310 297.615509
311 297.617218
312 297.608795
313 297.610474
314 297.597046
315 297.588654
316 297.568481
317 297.573517
318 297.561768
319 297.555023
320 297.543274
321 297.539917
322 297.531525
323 297.543274
324 297.548309
325 297.553345
326 297.539917
327 297.518066
328 297.524780
329 297.523102
330 297.518066
331 297.529816
332 297.524780
333 297.509674
334 297.513031
335 297.511353
336 297.514709
337 297.506317
338 297.489502
339 297.492859
340 297.487823
341 297.487823
342 297.491180
343 297.499573
344 297.504608
345 297.502930
346 297.506317
347 297.521423
348 297.531525
349 297.524780
350 297.521423
351 297.521423
352 297.507996
353 297.502930
354 297.509674
355 297.497894
356 297.507996
357 297.513031
358 297.492859
359 297.502930
360 297.496216
361 297.486145
362 297.464294
363 297.460907
364 297.455872
365 297.462616
366 297.457550
367 297.462616
368 297.465973
369 297.460907
370 297.460907
371 297.471008
372 297.455872
373 297.449158
374 297.442444
375 297.439056
376 297.428986
377 297.442444
378 297.450836
379 297.437378
380 297.440765
381 297.440765
382 297.428986
383 297.430664
384 297.435699
385 297.439056
386 297.450836
387 297.452515
388 297.447479
389 297.452515
390 297.442444
391 297.435699
392 297.437378
393 297.457550
394 297.450836
395 297.465973
396 297.459229
397 297.450836
398 297.450836
399 297.447479
400 297.444122
time: 26412.8 ms
