repeats: 10000
gray: 1
level: 8
taux: 0.166667
taul: 1
sigmay: 0.0909091
sigmap: 1
lambda: 0.1
nu: 0.001
image: 127 x 127
GPU Memory: 2146762752 - 1891835904 = 254926848
1 244.652817
2 251.759811
3 258.677399
4 259.570801
5 264.847137
6 262.836456
7 265.473175
8 269.321381
9 271.112518
10 274.158722
11 271.099609
12 270.595642
13 279.580048
14 280.868286
15 282.414581
16 283.393707
17 284.826263
18 288.774994
19 288.875397
20 290.743866
21 291.943481
22 292.663635
23 294.185303
24 292.858337
25 292.373047
26 294.090118
27 295.829346
28 296.693451
29 297.291107
30 295.428497
31 295.807373
32 296.561981
33 296.454041
34 297.139709
35 296.114838
36 295.607849
37 296.487762
38 297.245697
39 297.634003
40 296.893921
41 296.204315
42 296.610870
43 297.141388
44 297.576874
45 297.390320
46 296.324158
47 296.504639
48 297.723022
49 298.149292
50 298.115753
51 297.233917
52 296.743988
53 297.321381
54 297.847290
55 297.917786
56 297.365082
57 296.824860
58 296.993256
59 297.452515
60 297.751587
61 297.334839
62 296.949493
63 297.008423
64 297.418884
65 298.008392
66 298.135864
67 297.610474
68 297.324738
69 297.610474
70 298.033569
71 298.207977
72 298.033569
73 297.556732
74 297.541595
75 297.837189
76 297.885895
77 297.812012
78 297.588654
79 297.598724
80 297.746552
81 297.936249
82 298.008392
83 297.731415
84 297.644073
85 297.775085
86 298.177795
87 298.420837
88 298.276703
89 298.021820
90 298.043610
91 298.228088
92 298.444305
93 298.487854
94 298.206299
95 298.107361
96 298.182831
97 298.300171
98 298.256592
99 298.184509
100 298.045288
101 298.036896
102 298.293488
103 298.308563
104 298.323639
105 298.278381
106 298.166046
107 298.328674
108 298.600067
109 298.628540
110 298.554840
111 298.425873
112 298.466064
113 298.595032
114 298.615143
115 298.608429
116 298.476135
117 298.482819
118 298.506287
119 298.568237
120 298.546478
121 298.526367
122 298.487854
123 298.541443
124 298.650299
125 298.693817
126 298.670380
127 298.538116
128 298.538116
129 298.728973
130 298.762451
131 298.784210
132 298.772491
133 298.757416
134 298.799255
135 298.816010
136 298.797577
137 298.774170
138 298.734009
139 298.713898
140 298.730652
141 298.734009
142 298.728973
143 298.735657
144 298.767456
145 298.792572
146 298.889618
147 298.934784
148 298.902985
149 298.832733
150 298.906342
151 298.914703
152 298.908020
153 298.916382
154 298.964874
155 298.969910
156 298.986633
157 299.011719
158 299.010040
159 299.031769
160 299.013367
161 299.010040
162 299.033447
163 299.023407
164 298.983276
165 298.979919
166 298.969910
167 299.001678
168 298.989960
169 299.015045
170 298.979919
171 298.983276
172 298.991638
173 299.005005
174 299.060181
175 299.076904
176 299.083588
177 299.081940
178 299.071899
179 299.095306
180 299.137085
181 299.140442
182 299.150452
183 299.180542
184 299.187225
185 299.178864
186 299.153809
187 299.148804
188 299.160492
189 299.185547
190 299.213959
191 299.218994
192 299.230682
193 299.309204
194 299.322571
195 299.364319
196 299.387695
197 299.389374
198 299.419434
199 299.421112
200 299.434479
201 299.439484
202 299.459503
203 299.482880
204 299.469543
205 299.447815
206 299.436127
207 299.397736
208 299.355988
209 299.327576
210 299.337616
211 299.340942
212 299.330933
213 299.317566
214 299.327576
215 299.317566
216 299.302521
217 299.294159
218 299.300842
219 299.299194
220 299.324249
221 299.305878
222 299.322571
223 299.325897
224 299.337616
225 299.369324
226 299.386047
227 299.409424
228 299.389374
229 299.396057
230 299.399384
231 299.377686
232 299.352631
233 299.339264
234 299.376007
235 299.387695
236 299.379364
237 299.377686
238 299.352631
239 299.367676
240 299.419434
241 299.427795
242 299.464508
243 299.462860
244 299.474548
245 299.479553
246 299.492920
247 299.474548
248 299.452820
249 299.437805
250 299.409424
251 299.426117
252 299.429443
253 299.442810
254 299.461182
255 299.467865
256 299.461182
257 299.477875
258 299.489563
259 299.521271
260 299.517944
261 299.541321
262 299.576355
263 299.606415
264 299.604736
265 299.603058
266 299.598053
267 299.614746
268 299.619751
269 299.629761
270 299.611420
271 299.588043
272 299.574707
273 299.593048
274 299.573029
275 299.583038
276 299.596405
277 299.614746
278 299.621429
279 299.613098
280 299.646454
281 299.608063
282 299.619751
283 299.628113
284 299.629761
285 299.639771
286 299.621429
287 299.619751
288 299.626434
289 299.628113
290 299.669830
291 299.674835
292 299.691498
293 299.701508
294 299.689850
295 299.699860
296 299.696503
297 299.713196
298 299.714874
299 299.724884
300 299.731537
301 299.718201
302 299.696503
303 299.683167
304 299.649811
305 299.671478
306 299.673157
307 299.656464
308 299.624756
309 299.603058
310 299.598053
311 299.611420
312 299.621429
313 299.664825
314 299.678162
315 299.684845
316 299.664825
317 299.649811
318 299.656464
319 299.644775
320 299.629761
321 299.651459
322 299.634766
323 299.624756
324 299.631439
325 299.613098
326 299.596405
327 299.578033
328 299.584717
329 299.584717
330 299.569702
331 299.568024
332 299.564697
333 299.573029
334 299.556335
335 299.574707
336 299.584717
337 299.579712
338 299.574707
339 299.571350
340 299.568024
341 299.551331
342 299.551331
343 299.546326
344 299.564697
345 299.563019
346 299.594727
347 299.591400
348 299.601410
349 299.598053
350 299.594727
351 299.579712
352 299.579712
353 299.584717
354 299.576355
355 299.578033
356 299.566345
357 299.563019
358 299.566345
359 299.564697
360 299.566345
361 299.563019
362 299.581360
363 299.601410
364 299.611420
365 299.621429
366 299.609741
367 299.613098
368 299.624756
369 299.616425
370 299.638123
371 299.644775
372 299.634766
373 299.644775
374 299.628113
375 299.648132
376 299.639771
377 299.643127
378 299.634766
379 299.618103
380 299.624756
381 299.608063
382 299.616425
383 299.626434
384 299.611420
385 299.599731
386 299.608063
387 299.591400
388 299.604736
389 299.608063
390 299.594727
391 299.594727
392 299.608063
393 299.586395
394 299.571350
395 299.581360
396 299.576355
397 299.586395
398 299.564697
399 299.546326
400 299.542999
401 299.541321
402 299.524628
403 299.531311
404 299.532959
405 299.514618
406 299.524628
407 299.531311
408 299.532959
409 299.524628
410 299.526306
411 299.524628
412 299.532959
413 299.521271
414 299.521271
415 299.532959
416 299.532959
417 299.537964
418 299.551331
419 299.551331
420 299.559662
421 299.554657
422 299.548004
423 299.549652
424 299.571350
425 299.558014
426 299.561340
427 299.568024
428 299.571350
429 299.556335
430 299.544647
431 299.548004
432 299.531311
433 299.519623
434 299.509613
435 299.511261
436 299.494568
437 299.469543
438 299.459503
439 299.487885
440 299.499573
441 299.494568
442 299.522949
443 299.524628
444 299.553009
445 299.539642
446 299.522949
447 299.509613
448 299.506256
449 299.509613
450 299.512939
451 299.524628
452 299.516266
453 299.489563
454 299.494568
455 299.476196
456 299.504578
457 299.522949
458 299.519623
459 299.481232
460 299.474548
461 299.461182
462 299.441132
463 299.436127
464 299.437805
465 299.426117
466 299.444489
467 299.429443
468 299.406067
469 299.411102
470 299.432800
471 299.441132
472 299.429443
473 299.416107
474 299.409424
475 299.424438
476 299.421112
477 299.421112
478 299.439484
479 299.447815
480 299.462860
481 299.462860
482 299.467865
483 299.459503
484 299.457855
485 299.447815
486 299.421112
487 299.424438
488 299.427795
489 299.427795
490 299.446167
491 299.457855
492 299.457855
493 299.447815
494 299.432800
495 299.416107
496 299.422791
497 299.419434
498 299.412750
499 299.424438
500 299.406067
501 299.411102
502 299.391052
503 299.399384
504 299.379364
505 299.389374
506 299.384369
507 299.374359
508 299.360992
509 299.362671
510 299.376007
511 299.367676
512 299.364319
513 299.376007
514 299.382690
515 299.381042
516 299.337616
517 299.350952
518 299.357635
519 299.360992
520 299.339264
521 299.329254
522 299.334259
523 299.342621
524 299.342621
525 299.369324
526 299.357635
527 299.352631
528 299.357635
529 299.344269
530 299.345947
531 299.340942
532 299.332581
533 299.332581
534 299.337616
535 299.347626
536 299.325897
537 299.340942
538 299.347626
539 299.376007
540 299.359314
541 299.365997
542 299.364319
543 299.360992
544 299.347626
545 299.350952
546 299.355988
547 299.359314
548 299.340942
549 299.330933
550 299.314209
551 299.305878
552 299.270782
553 299.265778
554 299.250732
555 299.254059
556 299.247375
557 299.250732
558 299.247375
559 299.247375
560 299.230682
561 299.242371
562 299.250732
563 299.252411
564 299.244049
565 299.229004
566 299.225677
567 299.222321
568 299.222321
569 299.245728
570 299.230682
571 299.250732
572 299.232361
573 299.232361
574 299.249054
575 299.260742
576 299.259094
577 299.270782
578 299.259094
579 299.275787
580 299.287476
581 299.277466
582 299.284149
583 299.257416
584 299.277466
585 299.250732
586 299.250732
587 299.247375
588 299.239044
589 299.255737
590 299.254059
591 299.215637
592 299.213959
593 299.215637
594 299.218994
595 299.229004
596 299.232361
597 299.249054
598 299.269104
599 299.257416
600 299.265778
601 299.262421
602 299.250732
603 299.247375
604 299.218994
605 299.227325
606 299.235687
607 299.235687
608 299.230682
609 299.247375
610 299.249054
611 299.242371
612 299.239044
613 299.227325
614 299.230682
615 299.247375
616 299.262421
617 299.262421
618 299.279144
619 299.297516
620 299.297516
621 299.292511
622 299.290833
623 299.285828
624 299.267426
625 299.279144
626 299.280792
627 299.294159
628 299.270782
629 299.259094
630 299.250732
631 299.254059
632 299.247375
633 299.244049
634 299.244049
635 299.249054
636 299.242371
637 299.252411
638 299.237366
639 299.245728
640 299.242371
641 299.210632
642 299.208954
643 299.217316
644 299.218994
645 299.229004
646 299.239044
647 299.247375
648 299.259094
649 299.259094
650 299.247375
651 299.239044
652 299.234009
653 299.244049
654 299.244049
655 299.244049
656 299.222321
657 299.222321
658 299.213959
659 299.212311
660 299.212311
661 299.212311
662 299.205627
663 299.185547
664 299.178864
665 299.190582
666 299.182220
667 299.182220
668 299.177216
669 299.157135
670 299.148804
671 299.150452
672 299.148804
673 299.165497
674 299.162170
675 299.178864
676 299.170532
677 299.162170
678 299.142120
679 299.157135
680 299.142120
681 299.133759
682 299.122040
683 299.103668
684 299.108673
685 299.098633
686 299.132080
687 299.128723
688 299.127075
689 299.130402
690 299.132080
691 299.128723
692 299.125397
693 299.120392
694 299.115356
695 299.123718
696 299.135406
697 299.132080
698 299.142120
699 299.133759
700 299.145447
701 299.153809
702 299.152130
703 299.148804
704 299.140442
705 299.145447
706 299.128723
707 299.128723
708 299.125397
709 299.122040
710 299.122040
711 299.108673
712 299.106995
713 299.106995
714 299.110352
715 299.101990
716 299.110352
717 299.112030
718 299.098633
719 299.091949
720 299.070221
721 299.085266
722 299.081940
723 299.081940
724 299.108673
725 299.105347
726 299.106995
727 299.117035
728 299.128723
729 299.123718
730 299.120392
731 299.108673
732 299.110352
733 299.106995
734 299.122040
735 299.120392
736 299.117035
737 299.115356
738 299.113678
739 299.117035
740 299.110352
741 299.122040
742 299.112030
743 299.123718
744 299.108673
745 299.112030
746 299.118713
747 299.113678
748 299.117035
749 299.106995
750 299.103668
751 299.106995
752 299.098633
753 299.103668
754 299.122040
755 299.112030
756 299.115356
757 299.117035
758 299.106995
759 299.096985
760 299.103668
761 299.098633
762 299.090302
763 299.093628
764 299.081940
765 299.078583
766 299.081940
767 299.088623
768 299.105347
769 299.096985
770 299.083588
771 299.095306
772 299.098633
773 299.088623
774 299.095306
775 299.101990
776 299.096985
777 299.086945
778 299.081940
779 299.076904
780 299.076904
781 299.095306
782 299.088623
783 299.080261
784 299.068542
785 299.068542
786 299.070221
787 299.076904
788 299.088623
789 299.075256
790 299.081940
791 299.105347
792 299.090302
793 299.085266
794 299.080261
795 299.075256
796 299.068542
797 299.066895
798 299.070221
799 299.063538
800 299.060181
801 299.065216
802 299.063538
803 299.061859
804 299.053497
805 299.068542
806 299.083588
807 299.060181
808 299.063538
809 299.068542
810 299.066895
811 299.081940
812 299.080261
813 299.080261
814 299.070221
815 299.048492
816 299.046814
817 299.041809
818 299.033447
819 299.030090
820 299.038452
821 299.031769
822 299.023407
823 299.026764
824 299.023407
825 299.013367
826 299.011719
827 299.018402
828 299.005005
829 299.001678
830 299.005005
831 299.025085
832 299.030090
833 299.040131
834 299.023407
835 299.028412
836 299.038452
837 299.028412
838 299.011719
839 299.003357
840 299.015045
841 299.008362
842 299.015045
843 299.016724
844 299.025085
845 299.025085
846 299.025085
847 299.035126
848 299.038452
849 299.043488
850 299.041809
851 299.033447
852 299.038452
853 299.026764
854 299.021729
855 299.013367
856 299.001678
857 299.013367
858 299.008362
859 298.991638
860 298.978271
861 298.979919
862 298.996643
863 299.000000
864 299.003357
865 298.998322
866 299.001678
867 299.008362
868 298.996643
869 299.005005
870 299.011719
871 299.008362
872 299.006683
873 299.000000
874 299.006683
875 298.996643
876 298.998322
877 298.989960
878 298.991638
879 298.981598
880 298.976593
881 298.978271
882 298.979919
883 299.000000
884 298.996643
885 298.993317
886 299.000000
887 299.011719
888 299.013367
889 299.010040
890 299.006683
891 298.996643
892 299.001678
893 298.988281
894 298.984955
895 298.971558
896 298.971558
897 298.976593
898 298.979919
899 298.978271
900 298.968231
901 298.959869
902 298.969910
903 298.976593
904 298.971558
905 298.988281
906 298.979919
907 298.969910
908 298.984955
909 298.991638
910 298.996643
911 298.996643
912 298.998322
913 298.986633
914 298.988281
915 298.979919
916 298.989960
917 298.974915
918 298.969910
919 298.979919
920 298.969910
921 298.963196
922 298.958191
923 298.954834
924 298.959869
925 298.946472
926 298.943146
927 298.926422
928 298.933105
929 298.936462
930 298.936462
931 298.933105
932 298.946472
933 298.949829
934 298.943146
935 298.948151
936 298.949829
937 298.963196
938 298.963196
939 298.971558
940 298.983276
941 298.981598
942 298.984955
943 298.976593
944 298.979919
945 298.976593
946 298.954834
947 298.953186
948 298.966553
949 298.951508
950 298.959869
951 298.961548
952 298.953186
953 298.954834
954 298.953186
955 298.963196
956 298.958191
957 298.968231
958 298.968231
959 298.981598
960 298.983276
time: 3216.63 ms
