repeats: 400
gray: 1
level: 8
taux: 0.166667
taul: 1
sigmay: 0.0909091
sigmap: 1
lambda: 0.1
nu: 0.001
image: 127 x 127
GPU Memory: 2146762752 - 1883447296 = 263315456
1 263.015198
2 256.220612
3 249.234833
4 248.304245
5 242.668503
6 244.844849
7 241.983475
8 237.693085
9 235.648041
10 232.096970
11 235.662888
12 236.241409
13 225.537140
14 223.930786
15 221.977478
16 220.726074
17 218.874390
18 213.637543
19 213.501755
20 210.950226
21 209.286880
22 208.278656
23 206.123749
24 208.004807
25 208.686371
26 206.259552
27 203.757202
28 202.496918
29 201.618454
30 204.337952
31 203.789108
32 202.689423
33 202.847229
34 201.841522
35 203.342072
36 204.078415
37 202.797928
38 201.685394
39 201.111908
40 202.202866
41 203.211716
42 202.617874
43 201.839050
44 201.196426
45 201.472076
46 203.036942
47 202.773270
48 200.980103
49 200.347198
50 200.397110
51 201.702759
52 202.422821
53 201.573807
54 200.795914
55 200.691299
56 201.509308
57 202.304230
58 202.056915
59 201.380234
60 200.937805
61 201.553970
62 202.121246
63 202.034653
64 201.429886
65 200.556732
66 200.367157
67 201.146713
68 201.568848
69 201.146713
70 200.519333
71 200.259827
72 200.519333
73 201.226242
74 201.248596
75 200.810852
76 200.738632
77 200.848206
78 201.179031
79 201.164108
80 200.945267
81 200.663895
82 200.556732
83 200.967667
84 201.096985
85 200.902954
86 200.304764
87 199.942490
88 200.157440
89 200.536774
90 200.504364
91 200.229874
92 199.907486
93 199.842438
94 200.262329
95 200.409576
96 200.297272
97 200.122467
98 200.187408
99 200.294785
100 200.501877
101 200.514343
102 200.132462
103 200.109970
104 200.087479
105 200.154938
106 200.322235
107 200.079987
108 199.674728
109 199.632156
110 199.742340
111 199.934982
112 199.874954
113 199.682251
114 199.652191
115 199.662216
116 199.859955
117 199.849945
118 199.814911
119 199.722305
120 199.754852
121 199.784882
122 199.842438
123 199.762360
124 199.599594
125 199.534454
126 199.569534
127 199.767365
128 199.767365
129 199.481827
130 199.431686
131 199.399094
132 199.416656
133 199.439209
134 199.376526
135 199.351456
136 199.379044
137 199.414139
138 199.474304
139 199.504379
140 199.479324
141 199.474304
142 199.481827
143 199.471802
144 199.424164
145 199.386566
146 199.241058
147 199.173294
148 199.220978
149 199.326370
150 199.215958
151 199.203415
152 199.213455
153 199.200897
154 199.128098
155 199.120560
156 199.095459
157 199.057785
158 199.060287
159 199.027634
160 199.055267
161 199.060287
162 199.025131
163 199.040192
164 199.100479
165 199.105499
166 199.120560
167 199.072845
168 199.090439
169 199.052750
170 199.105499
171 199.100479
172 199.087921
173 199.067825
174 198.984924
175 198.959793
176 198.949738
177 198.952255
178 198.967331
179 198.932144
180 198.869308
181 198.864273
182 198.849182
183 198.803925
184 198.793869
185 198.806442
186 198.844162
187 198.851700
188 198.834106
189 198.796371
190 198.753616
191 198.746063
192 198.728455
193 198.610168
194 198.590027
195 198.527069
196 198.491806
197 198.489288
198 198.443939
199 198.441422
200 198.421265
201 198.413712
202 198.383469
203 198.348175
204 198.368347
205 198.401108
206 198.418747
207 198.476700
208 198.539673
209 198.582474
210 198.567368
211 198.562332
212 198.577438
213 198.597580
214 198.582474
215 198.597580
216 198.620239
217 198.632828
218 198.622757
219 198.625275
220 198.587509
221 198.615204
222 198.590027
223 198.584991
224 198.567368
225 198.519516
226 198.494339
227 198.459061
228 198.489288
229 198.479218
230 198.474182
231 198.506927
232 198.544708
233 198.564850
234 198.509445
235 198.491806
236 198.504410
237 198.506927
238 198.544708
239 198.522034
240 198.443939
241 198.431351
242 198.375900
243 198.378433
244 198.360779
245 198.353226
246 198.333054
247 198.360779
248 198.393555
249 198.416229
250 198.459061
251 198.433868
252 198.428833
253 198.408676
254 198.380951
255 198.370865
256 198.380951
257 198.355743
258 198.338089
259 198.290192
260 198.295227
261 198.259933
262 198.206955
263 198.161545
264 198.164078
265 198.166595
266 198.174164
267 198.148941
268 198.141357
269 198.126221
270 198.153976
271 198.189301
272 198.209488
273 198.181732
274 198.212006
275 198.196869
276 198.176682
277 198.148941
278 198.138840
279 198.151459
280 198.100983
281 198.159027
282 198.141357
283 198.128738
284 198.126221
285 198.111084
286 198.138840
287 198.141357
288 198.131271
289 198.128738
290 198.065643
291 198.058075
292 198.032822
293 198.017670
294 198.035355
295 198.020203
296 198.025253
297 198.000000
298 197.997482
299 197.982315
300 197.972214
301 197.992432
302 198.025253
303 198.045456
304 198.095932
305 198.063126
306 198.060593
307 198.085846
308 198.133789
309 198.166595
310 198.174164
311 198.153976
312 198.138840
313 198.073212
314 198.053024
315 198.042923
316 198.073212
317 198.095932
318 198.085846
319 198.103516
320 198.126221
321 198.093414
322 198.118652
323 198.133789
324 198.123703
325 198.151459
326 198.176682
327 198.204437
328 198.194351
329 198.194351
330 198.217056
331 198.219574
332 198.224625
333 198.212006
334 198.237228
335 198.209488
336 198.194351
337 198.201920
338 198.209488
339 198.214523
340 198.219574
341 198.244797
342 198.244797
343 198.252365
344 198.224625
345 198.227142
346 198.179214
347 198.184265
348 198.169113
349 198.174164
350 198.179214
351 198.201920
352 198.201920
353 198.194351
354 198.206955
355 198.204437
356 198.222092
357 198.227142
358 198.222092
359 198.224625
360 198.222092
361 198.227142
362 198.199402
363 198.169113
364 198.153976
365 198.138840
366 198.156509
367 198.151459
368 198.133789
369 198.146408
370 198.113602
371 198.103516
372 198.118652
373 198.103516
374 198.128738
375 198.098465
376 198.111084
377 198.106033
378 198.118652
379 198.143890
380 198.133789
381 198.159027
382 198.146408
383 198.131271
384 198.153976
385 198.171646
386 198.159027
387 198.184265
388 198.164078
389 198.159027
390 198.179214
391 198.179214
392 198.159027
393 198.191833
394 198.214523
395 198.199402
396 198.206955
397 198.191833
398 198.224625
399 198.252365
400 198.257416
time: 1320.5 ms
