repeats: 10000
gray: 1
level: 16
taux: 0.166667
taul: 1
sigmay: 0.0526316
sigmap: 1
lambda: 0.1
nu: 0.0001
image: 128 x 128
GPU Memory: 2146762752 - 1836261376 = 310501376
1 343.338013
2 357.642273
3 362.994476
4 361.333649
5 361.624115
6 361.946136
7 362.346527
8 361.831451
9 363.355194
10 363.433624
11 363.022034
12 364.115356
13 363.172150
14 363.516174
15 363.891479
16 363.334564
17 364.045319
18 363.440491
19 364.705353
20 365.210907
21 364.245789
22 363.802155
23 363.462524
24 364.601166
25 365.001373
26 365.429871
27 364.719055
28 365.502380
29 365.049316
30 364.979462
31 366.042358
32 365.275238
33 366.648346
34 366.428711
35 367.016357
36 367.014984
37 366.982300
38 366.764221
39 367.483337
40 368.051636
41 368.391083
42 368.930878
43 368.435883
44 368.540375
45 369.407623
46 369.794525
47 369.256012
48 370.087830
49 369.941895
50 369.609253
51 370.005402
52 370.468628
53 370.471313
54 370.745209
55 370.933960
56 370.970337
57 371.168427
58 371.396027
59 371.713593
60 371.290985
61 371.506378
62 371.840027
63 371.534668
64 372.034943
65 372.378845
66 372.506378
67 372.366760
68 372.609711
69 372.565430
70 372.233795
71 372.737183
72 372.793518
73 372.433899
74 372.568115
75 372.954407
76 372.602997
77 372.432556
78 373.060303
79 373.183594
80 373.000000
81 373.119293
82 373.403259
83 373.077728
84 373.419342
85 373.408630
86 372.762665
87 373.170197
88 373.436737
89 373.272034
90 373.501007
91 373.713806
92 373.506348
93 373.405945
94 373.598724
95 373.355072
96 373.202362
97 373.673645
98 373.360413
99 373.356384
100 373.582642
101 373.529114
102 373.162170
103 373.112579
104 373.379150
105 373.416656
106 373.284088
107 373.691040
108 373.468872
109 373.447449
110 373.549194
111 373.426025
112 373.393890
113 373.555878
114 373.634857
115 373.400604
116 373.764618
117 373.729858
118 373.571960
119 373.443451
120 373.399261
121 373.440765
122 373.351044
123 373.555878
124 373.526428
125 373.530457
126 373.521088
127 373.567932
128 373.330963
129 373.353729
130 373.436737
131 373.483612
132 373.585327
133 373.876984
134 373.641541
135 373.755280
136 373.723145
137 373.752594
138 373.858276
139 373.763306
140 373.885010
141 373.763306
142 374.065491
143 374.033417
144 373.871643
145 373.876984
146 373.555878
147 373.612091
148 373.891693
149 373.886353
150 373.914429
151 373.981293
152 374.072174
153 373.863617
154 373.879669
155 373.893036
156 373.715118
157 374.117615
158 374.299347
159 374.281982
160 374.196472
161 374.209839
162 374.064178
163 374.144348
164 374.435577
165 374.578430
166 374.184448
167 374.364807
168 374.622467
169 374.541046
170 374.567749
171 374.339417
172 373.915771
173 374.136353
174 374.662506
175 374.495667
176 374.307373
177 374.442261
178 374.601135
179 374.171082
180 374.590454
181 374.416870
182 374.169739
183 374.511688
184 374.662506
185 374.579773
186 374.459625
187 374.615814
188 374.362122
189 374.352783
190 374.633148
191 374.614471
192 374.454285
193 374.695862
194 374.862640
195 374.709229
196 374.625153
197 374.646515
198 374.155060
199 374.479645
200 374.730560
201 374.574432
202 374.480988
203 374.638489
204 374.643829
205 374.458282
206 374.847961
207 374.458282
208 374.281982
209 374.694550
210 374.646515
211 374.723907
212 374.538391
213 374.607788
214 374.303345
215 374.434235
216 374.765259
217 374.599792
218 374.669189
219 374.689209
220 374.823944
221 374.559753
222 374.691864
223 374.546387
224 374.251251
225 374.563751
226 374.625153
227 374.666504
228 374.383484
229 374.783936
230 374.549072
231 374.388824
232 374.825287
233 374.499664
234 374.482300
235 374.771942
236 374.706543
237 374.606445
238 374.726562
239 374.789276
240 374.269958
241 374.549072
242 374.918671
243 374.541046
244 374.690552
245 374.944000
246 375.011993
247 374.755920
248 374.875977
249 374.705231
250 374.713226
251 374.910645
252 374.957336
253 374.853302
254 374.798615
255 374.990662
256 374.670532
257 374.627808
258 375.129303
259 374.581085
260 374.484985
261 374.990662
262 374.962677
263 374.699890
264 375.029327
265 374.994659
266 374.455597
267 375.062653
268 375.171967
269 374.803955
270 374.878662
271 375.133301
272 374.986664
273 374.814606
274 375.053345
275 374.802612
276 374.691864
277 374.997345
278 375.029327
279 374.937317
280 375.005341
281 375.067993
282 374.527710
283 374.966675
284 375.257233
285 374.822632
286 374.922668
287 375.169281
288 374.932007
289 374.927979
290 375.178619
291 375.239929
292 374.665192
293 375.263916
294 375.247925
295 375.142639
296 375.105316
297 375.271912
298 375.036011
299 375.001343
300 375.158630
301 375.041321
302 375.014679
303 375.158630
304 375.045319
305 375.131989
306 375.194611
307 375.122650
308 374.867981
309 375.287903
310 375.298553
311 374.959991
312 375.207947
313 375.235931
314 375.089325
315 375.117310
316 375.350494
317 375.219940
318 375.067993
319 375.397125
320 375.381134
321 375.426422
322 375.543610
323 375.419769
324 375.167969
325 375.430420
326 375.359833
327 375.203949
328 375.346497
329 375.466370
330 375.346497
331 375.543610
332 375.462372
333 375.430420
334 375.273224
335 375.554260
336 375.520966
337 375.427765
338 375.674072
339 375.478363
340 375.490356
341 375.437073
342 375.556915
343 375.325195
344 375.354492
345 375.543610
346 375.473022
347 375.583557
348 375.587555
349 375.572906
350 375.445068
351 375.614166
352 375.559570
353 375.417114
354 375.695343
355 375.560913
356 375.547607
357 375.580872
358 375.552917
359 375.483673
360 375.539612
361 375.638123
362 375.623474
363 375.668732
364 375.831085
365 375.688690
366 375.602173
367 375.748596
368 375.615509
369 375.414429
370 375.591522
371 375.587555
372 375.574219
373 375.735291
374 375.591522
375 375.530304
376 375.604858
377 375.622162
378 375.547607
379 375.602173
380 375.728638
381 375.622162
382 375.682037
383 375.749908
384 375.555603
385 375.534271
386 375.723297
387 375.627472
388 375.604858
389 375.682037
390 375.696686
391 375.611511
392 375.623474
393 375.705994
394 375.560913
395 375.546265
396 375.664734
397 375.583557
398 375.595520
399 375.715332
400 375.595520
401 375.628815
402 375.638123
403 375.662079
404 375.654083
405 375.682037
406 375.788513
407 375.582214
408 375.756561
409 375.759216
410 375.606171
411 375.598175
412 375.713989
413 375.604858
414 375.622162
415 375.753906
416 375.672729
417 375.587555
418 375.690033
419 375.659424
420 375.596863
421 375.631470
422 375.740601
423 375.586212
424 375.694031
425 375.781860
426 375.594208
427 375.648773
428 375.688690
429 375.668732
430 375.670074
431 375.769867
432 375.768555
433 375.684723
434 375.815125
435 375.809784
436 375.642120
437 375.712646
438 375.761902
439 375.654083
440 375.743256
441 375.844391
442 375.711334
443 375.652771
444 375.716644
445 375.650116
446 375.679382
447 375.708649
448 375.739258
449 375.662079
450 375.765900
451 375.777863
452 375.683380
453 375.684723
454 375.743256
455 375.709991
456 375.757904
457 375.805786
458 375.752563
459 375.749908
460 375.878967
461 375.795166
462 375.731293
463 375.803131
464 375.845703
465 375.690033
466 375.771210
467 375.735291
468 375.670074
469 375.751251
470 375.687378
471 375.719299
472 375.675385
473 375.690033
474 375.732605
475 375.729950
476 375.817780
477 375.749908
478 375.651428
479 375.676727
480 375.682037
481 375.636780
482 375.732605
483 375.724640
484 375.667419
485 375.723297
486 375.745911
487 375.671387
488 375.671387
489 375.620819
490 375.745911
491 375.680725
492 375.740601
493 375.784515
494 375.687378
495 375.713989
496 375.704681
497 375.662079
498 375.675385
499 375.655426
500 375.674072
501 375.679382
502 375.756561
503 375.717987
504 375.648773
505 375.651428
506 375.732605
507 375.648773
508 375.682037
509 375.703339
510 375.668732
511 375.703339
512 375.606171
513 375.652771
514 375.627472
515 375.603516
516 375.703339
517 375.688690
518 375.724640
519 375.795166
520 375.691376
521 375.687378
522 375.765900
523 375.682037
524 375.700684
525 375.748596
526 375.690033
527 375.736603
528 375.698029
529 375.686035
530 375.680725
531 375.631470
532 375.716644
533 375.679382
534 375.704681
535 375.764557
536 375.694031
537 375.708649
538 375.696686
539 375.700684
540 375.695343
541 375.656769
542 375.723297
543 375.716644
544 375.720642
545 375.793823
546 375.735291
547 375.671387
548 375.749908
549 375.720642
550 375.721985
551 375.801819
552 375.698029
553 375.723297
554 375.667419
555 375.682037
556 375.672729
557 375.663422
558 375.740601
559 375.729950
560 375.739258
561 375.825745
562 375.759216
563 375.720642
564 375.807129
565 375.763214
566 375.731293
567 375.807129
568 375.729950
569 375.735291
570 375.715332
571 375.755249
572 375.704681
573 375.698029
574 375.751251
575 375.692688
576 375.691376
577 375.799133
578 375.684723
579 375.709991
580 375.749908
581 375.680725
582 375.672729
583 375.737946
584 375.707336
585 375.692688
586 375.716644
587 375.772552
588 375.731293
589 375.695343
590 375.803131
591 375.707336
592 375.716644
593 375.815125
594 375.733948
595 375.701996
596 375.764557
597 375.744598
598 375.696686
599 375.737946
600 375.740601
601 375.699341
602 375.761902
603 375.792511
604 375.731293
605 375.757904
606 375.775208
607 375.725952
608 375.753906
609 375.773865
610 375.763214
611 375.772552
612 375.799133
613 375.787170
614 375.733948
615 375.757904
616 375.781860
617 375.753906
618 375.755249
619 375.793823
620 375.751251
621 375.767212
622 375.795166
623 375.724640
624 375.731293
625 375.744598
626 375.743256
627 375.728638
628 375.749908
629 375.777863
630 375.717987
631 375.744598
632 375.739258
633 375.745911
634 375.749908
635 375.767212
636 375.769867
637 375.757904
638 375.797821
639 375.753906
640 375.731293
641 375.737946
642 375.749908
643 375.717987
644 375.739258
645 375.787170
646 375.739258
647 375.752563
648 375.764557
649 375.756561
650 375.729950
651 375.775208
652 375.764557
653 375.755249
654 375.779205
655 375.791168
656 375.761902
657 375.747253
658 375.757904
659 375.753906
660 375.768555
661 375.811127
662 375.807129
663 375.807129
664 375.824432
665 375.785858
666 375.784515
667 375.775208
668 375.764557
669 375.748596
670 375.752563
671 375.775208
672 375.741943
673 375.727295
674 375.740601
675 375.723297
676 375.735291
677 375.757904
678 375.761902
679 375.761902
680 375.812439
681 375.827087
682 375.779205
683 375.776520
684 375.779205
685 375.757904
686 375.787170
687 375.844391
688 375.817780
689 375.797821
690 375.832397
691 375.779205
692 375.785858
693 375.792511
694 375.767212
695 375.777863
696 375.804474
697 375.823090
698 375.823090
699 375.831085
700 375.845703
701 375.805786
702 375.835083
703 375.836395
704 375.784515
705 375.799133
706 375.791168
707 375.763214
708 375.760559
709 375.743256
710 375.748596
711 375.743256
712 375.749908
713 375.743256
714 375.740601
715 375.755249
716 375.776520
717 375.772552
718 375.779205
719 375.777863
720 375.756561
721 375.788513
722 375.777863
723 375.783173
724 375.763214
725 375.769867
726 375.773865
727 375.761902
728 375.767212
729 375.767212
730 375.761902
731 375.755249
732 375.757904
733 375.745911
734 375.771210
735 375.764557
736 375.768555
737 375.764557
738 375.771210
739 375.776520
740 375.787170
741 375.792511
742 375.805786
743 375.795166
744 375.796478
745 375.799133
746 375.792511
747 375.792511
748 375.771210
749 375.784515
750 375.781860
751 375.747253
752 375.756561
753 375.761902
754 375.764557
755 375.767212
756 375.775208
757 375.776520
758 375.801819
759 375.783173
760 375.776520
761 375.757904
762 375.759216
763 375.752563
764 375.780518
765 375.761902
766 375.763214
767 375.744598
768 375.747253
769 375.785858
770 375.775208
771 375.780518
772 375.780518
773 375.752563
774 375.731293
775 375.737946
776 375.752563
777 375.739258
778 375.776520
779 375.784515
780 375.772552
781 375.789825
782 375.771210
783 375.797821
784 375.804474
785 375.815125
786 375.812439
787 375.809784
788 375.816437
789 375.811127
790 375.785858
791 375.787170
792 375.781860
793 375.772552
794 375.753906
795 375.761902
796 375.756561
797 375.760559
798 375.765900
799 375.776520
800 375.761902
801 375.791168
802 375.792511
803 375.769867
804 375.773865
805 375.788513
806 375.769867
807 375.763214
808 375.795166
809 375.773865
810 375.776520
811 375.789825
812 375.769867
813 375.773865
814 375.789825
815 375.771210
816 375.792511
817 375.793823
818 375.796478
819 375.800476
820 375.801819
821 375.783173
822 375.791168
823 375.767212
824 375.772552
825 375.797821
826 375.812439
827 375.791168
828 375.777863
829 375.780518
830 375.783173
831 375.797821
832 375.784515
833 375.772552
834 375.776520
835 375.773865
836 375.789825
837 375.780518
838 375.760559
839 375.792511
840 375.761902
841 375.776520
842 375.799133
843 375.787170
844 375.789825
845 375.779205
846 375.780518
847 375.776520
848 375.781860
849 375.773865
850 375.784515
851 375.791168
852 375.789825
853 375.793823
854 375.808472
855 375.804474
856 375.791168
857 375.797821
858 375.792511
859 375.799133
860 375.792511
861 375.797821
862 375.800476
863 375.787170
864 375.789825
865 375.792511
866 375.777863
867 375.776520
868 375.779205
869 375.771210
870 375.772552
871 375.775208
872 375.765900
873 375.764557
874 375.756561
875 375.760559
876 375.756561
877 375.764557
878 375.769867
879 375.765900
880 375.759216
881 375.755249
882 375.749908
883 375.760559
884 375.763214
885 375.753906
886 375.767212
887 375.776520
888 375.788513
889 375.797821
890 375.796478
891 375.808472
892 375.805786
893 375.797821
894 375.800476
895 375.801819
896 375.769867
897 375.771210
898 375.781860
899 375.781860
900 375.791168
901 375.777863
902 375.776520
903 375.777863
904 375.755249
905 375.745911
906 375.753906
907 375.757904
908 375.751251
909 375.757904
910 375.773865
911 375.787170
912 375.787170
913 375.815125
914 375.785858
915 375.805786
916 375.772552
917 375.784515
918 375.793823
919 375.811127
920 375.804474
921 375.840393
922 375.853699
923 375.863007
924 375.859009
925 375.874969
926 375.874969
927 375.851044
928 375.888275
929 375.900238
930 375.912231
931 375.902924
932 375.889618
933 375.888275
934 375.859009
935 375.835083
936 375.793823
937 375.787170
938 375.777863
939 375.767212
940 375.751251
941 375.763214
942 375.757904
943 375.753906
944 375.747253
945 375.741943
946 375.732605
947 375.741943
948 375.756561
949 375.763214
950 375.777863
951 375.780518
952 375.796478
953 375.821777
954 375.835083
955 375.843048
956 375.833740
957 375.820435
958 375.816437
959 375.801819
960 375.797821
961 375.777863
962 375.765900
963 375.755249
964 375.752563
965 375.725952
966 375.713989
967 375.720642
968 375.725952
969 375.723297
970 375.737946
971 375.749908
972 375.741943
973 375.747253
974 375.745911
975 375.740601
976 375.749908
977 375.753906
978 375.759216
979 375.752563
980 375.752563
981 375.737946
982 375.744598
983 375.735291
984 375.733948
985 375.739258
986 375.751251
987 375.755249
988 375.756561
989 375.752563
990 375.756561
991 375.759216
992 375.761902
993 375.768555
994 375.777863
995 375.784515
996 375.787170
997 375.787170
998 375.787170
999 375.780518
1000 375.771210
1001 375.767212
1002 375.768555
1003 375.759216
1004 375.751251
1005 375.756561
1006 375.760559
1007 375.748596
1008 375.748596
1009 375.761902
1010 375.756561
1011 375.765900
1012 375.769867
1013 375.768555
1014 375.772552
1015 375.772552
1016 375.773865
1017 375.785858
1018 375.792511
1019 375.796478
1020 375.792511
1021 375.797821
1022 375.796478
1023 375.799133
1024 375.799133
1025 375.785858
1026 375.773865
1027 375.771210
1028 375.780518
1029 375.776520
1030 375.771210
1031 375.777863
1032 375.773865
1033 375.777863
1034 375.784515
1035 375.768555
1036 375.765900
1037 375.765900
1038 375.761902
1039 375.752563
1040 375.757904
1041 375.757904
1042 375.764557
1043 375.765900
1044 375.763214
1045 375.759216
1046 375.752563
1047 375.765900
1048 375.775208
1049 375.767212
1050 375.759216
1051 375.744598
1052 375.752563
1053 375.765900
1054 375.776520
1055 375.789825
1056 375.797821
1057 375.785858
1058 375.771210
1059 375.769867
1060 375.777863
1061 375.779205
1062 375.788513
1063 375.784515
1064 375.783173
1065 375.809784
1066 375.816437
1067 375.817780
1068 375.817780
1069 375.817780
1070 375.821777
1071 375.813782
1072 375.817780
1073 375.809784
1074 375.805786
1075 375.805786
1076 375.801819
1077 375.808472
1078 375.831085
1079 375.809784
1080 375.821777
1081 375.809784
1082 375.795166
1083 375.808472
1084 375.797821
1085 375.807129
1086 375.808472
1087 375.796478
1088 375.787170
1089 375.787170
1090 375.780518
1091 375.763214
1092 375.767212
1093 375.767212
1094 375.756561
1095 375.755249
1096 375.759216
1097 375.761902
1098 375.748596
1099 375.759216
1100 375.769867
1101 375.775208
1102 375.773865
1103 375.761902
1104 375.760559
1105 375.769867
1106 375.779205
1107 375.792511
1108 375.800476
1109 375.797821
1110 375.808472
1111 375.804474
1112 375.789825
1113 375.767212
1114 375.763214
1115 375.777863
1116 375.776520
1117 375.775208
1118 375.772552
1119 375.761902
1120 375.731293
1121 375.728638
1122 375.739258
1123 375.745911
1124 375.776520
1125 375.771210
1126 375.767212
1127 375.783173
1128 375.792511
1129 375.811127
1130 375.827087
1131 375.807129
1132 375.779205
1133 375.732605
1134 375.727295
1135 375.731293
1136 375.736603
1137 375.716644
1138 375.719299
1139 375.733948
1140 375.749908
1141 375.751251
1142 375.748596
1143 375.749908
1144 375.768555
1145 375.768555
1146 375.787170
1147 375.789825
1148 375.796478
1149 375.797821
1150 375.796478
1151 375.777863
1152 375.772552
1153 375.785858
1154 375.785858
1155 375.777863
1156 375.780518
1157 375.789825
1158 375.789825
1159 375.789825
1160 375.801819
1161 375.776520
1162 375.773865
1163 375.765900
1164 375.764557
1165 375.753906
1166 375.739258
1167 375.748596
1168 375.768555
1169 375.776520
1170 375.801819
1171 375.815125
1172 375.817780
1173 375.792511
1174 375.781860
1175 375.788513
1176 375.780518
1177 375.751251
1178 375.773865
1179 375.768555
1180 375.775208
1181 375.772552
1182 375.799133
1183 375.793823
1184 375.803131
1185 375.815125
1186 375.813782
1187 375.808472
1188 375.808472
1189 375.805786
1190 375.803131
1191 375.792511
1192 375.788513
1193 375.772552
1194 375.771210
1195 375.768555
1196 375.765900
1197 375.768555
1198 375.768555
1199 375.777863
1200 375.763214
1201 375.768555
1202 375.772552
1203 375.783173
1204 375.784515
1205 375.787170
1206 375.787170
1207 375.793823
1208 375.797821
1209 375.793823
1210 375.792511
1211 375.795166
1212 375.792511
1213 375.795166
1214 375.783173
1215 375.771210
1216 375.781860
1217 375.775208
1218 375.776520
1219 375.780518
1220 375.773865
1221 375.767212
1222 375.779205
1223 375.784515
1224 375.777863
1225 375.787170
1226 375.816437
1227 375.827087
1228 375.833740
1229 375.824432
1230 375.823090
1231 375.823090
1232 375.831085
1233 375.829742
1234 375.832397
1235 375.831085
1236 375.837738
1237 375.828430
1238 375.824432
1239 375.821777
1240 375.815125
1241 375.797821
1242 375.796478
1243 375.807129
1244 375.812439
1245 375.808472
1246 375.800476
1247 375.808472
1248 375.807129
1249 375.805786
1250 375.813782
1251 375.809784
1252 375.837738
1253 375.825745
1254 375.813782
1255 375.817780
1256 375.792511
1257 375.809784
1258 375.796478
1259 375.788513
1260 375.809784
1261 375.821777
1262 375.824432
1263 375.819092
1264 375.824432
1265 375.816437
1266 375.796478
1267 375.779205
1268 375.765900
1269 375.776520
1270 375.779205
1271 375.768555
1272 375.759216
1273 375.759216
1274 375.777863
1275 375.769867
1276 375.793823
1277 375.792511
1278 375.777863
1279 375.788513
1280 375.793823
1281 375.772552
1282 375.780518
1283 375.804474
1284 375.821777
1285 375.811127
1286 375.793823
1287 375.793823
1288 375.801819
1289 375.804474
1290 375.803131
1291 375.789825
1292 375.773865
1293 375.775208
1294 375.776520
1295 375.785858
1296 375.793823
1297 375.780518
1298 375.784515
1299 375.767212
1300 375.764557
1301 375.777863
1302 375.781860
1303 375.783173
1304 375.793823
1305 375.796478
1306 375.809784
1307 375.803131
1308 375.813782
1309 375.825745
1310 375.841736
1311 375.832397
1312 375.825745
1313 375.820435
1314 375.811127
1315 375.801819
1316 375.816437
1317 375.828430
1318 375.823090
1319 375.829742
1320 375.827087
1321 375.833740
1322 375.827087
1323 375.844391
1324 375.853699
1325 375.865662
1326 375.871002
1327 375.856354
1328 375.848389
1329 375.848389
1330 375.839050
1331 375.832397
1332 375.825745
1333 375.809784
1334 375.793823
1335 375.783173
1336 375.779205
1337 375.773865
1338 375.784515
1339 375.785858
1340 375.795166
1341 375.792511
1342 375.800476
1343 375.804474
1344 375.813782
1345 375.809784
1346 375.804474
1347 375.799133
1348 375.796478
1349 375.799133
1350 375.807129
1351 375.827087
1352 375.835083
1353 375.837738
1354 375.824432
1355 375.808472
1356 375.796478
1357 375.805786
1358 375.800476
1359 375.815125
1360 375.815125
1361 375.805786
1362 375.820435
1363 375.840393
1364 375.844391
1365 375.848389
1366 375.840393
1367 375.843048
1368 375.847046
1369 375.855011
1370 375.871002
1371 375.864349
1372 375.853699
1373 375.857697
1374 375.871002
1375 375.885620
1376 375.882965
1377 375.886963
1378 375.885620
1379 375.859009
1380 375.831085
1381 375.843048
1382 375.808472
1383 375.796478
1384 375.789825
1385 375.771210
1386 375.768555
1387 375.765900
1388 375.755249
1389 375.739258
1390 375.757904
1391 375.769867
1392 375.784515
1393 375.776520
1394 375.787170
1395 375.765900
1396 375.767212
1397 375.777863
1398 375.772552
1399 375.771210
1400 375.761902
1401 375.752563
1402 375.755249
1403 375.755249
1404 375.756561
1405 375.771210
1406 375.788513
1407 375.772552
1408 375.759216
1409 375.761902
1410 375.784515
1411 375.781860
1412 375.784515
1413 375.803131
1414 375.796478
1415 375.785858
1416 375.780518
1417 375.768555
1418 375.767212
1419 375.759216
1420 375.760559
1421 375.765900
1422 375.761902
1423 375.760559
1424 375.776520
1425 375.748596
1426 375.757904
1427 375.761902
1428 375.759216
1429 375.740601
1430 375.748596
1431 375.745911
1432 375.743256
1433 375.735291
1434 375.743256
1435 375.755249
1436 375.761902
1437 375.765900
1438 375.771210
1439 375.764557
1440 375.763214
1441 375.761902
1442 375.763214
1443 375.763214
1444 375.768555
1445 375.767212
1446 375.752563
1447 375.744598
1448 375.744598
1449 375.739258
1450 375.735291
1451 375.731293
1452 375.729950
1453 375.721985
1454 375.724640
1455 375.724640
1456 375.728638
1457 375.720642
1458 375.721985
1459 375.719299
1460 375.712646
1461 375.701996
1462 375.704681
1463 375.713989
1464 375.723297
1465 375.723297
1466 375.721985
1467 375.736603
1468 375.732605
1469 375.728638
1470 375.731293
1471 375.737946
1472 375.740601
1473 375.736603
1474 375.748596
1475 375.752563
1476 375.753906
1477 375.751251
1478 375.741943
1479 375.732605
1480 375.732605
1481 375.736603
1482 375.733948
1483 375.735291
1484 375.744598
1485 375.749908
1486 375.751251
1487 375.745911
1488 375.751251
1489 375.752563
1490 375.747253
1491 375.751251
1492 375.741943
1493 375.735291
1494 375.736603
1495 375.745911
1496 375.749908
1497 375.752563
1498 375.751251
1499 375.749908
1500 375.741943
1501 375.744598
1502 375.737946
1503 375.733948
1504 375.733948
1505 375.737946
1506 375.736603
1507 375.736603
1508 375.740601
1509 375.752563
1510 375.755249
1511 375.755249
1512 375.753906
1513 375.751251
1514 375.756561
1515 375.756561
1516 375.760559
1517 375.761902
1518 375.761902
1519 375.761902
1520 375.769867
1521 375.775208
1522 375.764557
1523 375.767212
1524 375.768555
1525 375.759216
1526 375.780518
1527 375.791168
1528 375.784515
1529 375.785858
1530 375.779205
1531 375.788513
1532 375.776520
1533 375.791168
1534 375.809784
1535 375.799133
1536 375.797821
1537 375.795166
1538 375.787170
1539 375.789825
1540 375.777863
1541 375.777863
1542 375.773865
1543 375.773865
1544 375.768555
1545 375.771210
1546 375.772552
1547 375.767212
1548 375.776520
1549 375.771210
1550 375.792511
1551 375.796478
1552 375.797821
1553 375.801819
1554 375.799133
1555 375.803131
1556 375.804474
1557 375.788513
1558 375.777863
1559 375.775208
1560 375.783173
1561 375.787170
1562 375.793823
1563 375.789825
1564 375.793823
1565 375.795166
1566 375.789825
1567 375.795166
1568 375.793823
1569 375.797821
1570 375.797821
1571 375.791168
1572 375.797821
1573 375.816437
1574 375.816437
1575 375.816437
1576 375.811127
1577 375.820435
1578 375.813782
1579 375.809784
1580 375.797821
1581 375.792511
1582 375.789825
1583 375.793823
1584 375.787170
1585 375.783173
1586 375.791168
1587 375.795166
1588 375.783173
1589 375.781860
1590 375.785858
1591 375.777863
1592 375.773865
1593 375.769867
1594 375.764557
1595 375.763214
1596 375.759216
1597 375.744598
1598 375.749908
1599 375.765900
1600 375.769867
1601 375.753906
1602 375.745911
1603 375.744598
1604 375.771210
1605 375.792511
1606 375.803131
1607 375.801819
1608 375.800476
1609 375.797821
1610 375.797821
1611 375.795166
1612 375.796478
1613 375.785858
1614 375.788513
1615 375.793823
1616 375.795166
1617 375.795166
1618 375.781860
1619 375.776520
1620 375.789825
1621 375.784515
1622 375.784515
1623 375.789825
1624 375.777863
1625 375.775208
1626 375.779205
1627 375.781860
1628 375.776520
1629 375.784515
1630 375.779205
1631 375.775208
1632 375.765900
1633 375.752563
1634 375.760559
1635 375.756561
1636 375.764557
1637 375.752563
1638 375.741943
1639 375.756561
1640 375.763214
1641 375.751251
1642 375.744598
1643 375.752563
1644 375.752563
1645 375.760559
1646 375.768555
1647 375.780518
1648 375.784515
1649 375.788513
1650 375.796478
1651 375.785858
1652 375.772552
1653 375.772552
1654 375.763214
1655 375.771210
1656 375.769867
1657 375.779205
1658 375.779205
1659 375.791168
1660 375.793823
1661 375.800476
1662 375.795166
1663 375.808472
1664 375.808472
1665 375.807129
1666 375.799133
1667 375.804474
1668 375.797821
1669 375.801819
1670 375.800476
1671 375.803131
1672 375.796478
1673 375.795166
1674 375.788513
1675 375.785858
1676 375.773865
1677 375.760559
1678 375.755249
1679 375.767212
1680 375.764557
1681 375.780518
1682 375.787170
1683 375.789825
1684 375.796478
1685 375.805786
1686 375.803131
1687 375.800476
1688 375.791168
1689 375.781860
1690 375.769867
1691 375.779205
1692 375.769867
1693 375.769867
1694 375.761902
1695 375.765900
1696 375.753906
1697 375.760559
1698 375.764557
1699 375.759216
1700 375.753906
1701 375.747253
1702 375.747253
1703 375.744598
1704 375.743256
1705 375.737946
1706 375.737946
1707 375.764557
1708 375.757904
1709 375.761902
1710 375.768555
1711 375.759216
1712 375.733948
1713 375.732605
1714 375.733948
1715 375.739258
1716 375.749908
1717 375.751251
1718 375.755249
1719 375.756561
1720 375.749908
1721 375.749908
1722 375.745911
1723 375.753906
1724 375.749908
1725 375.769867
1726 375.771210
1727 375.764557
1728 375.767212
1729 375.759216
1730 375.753906
1731 375.763214
1732 375.749908
1733 375.748596
1734 375.755249
1735 375.767212
1736 375.768555
1737 375.773865
1738 375.775208
1739 375.776520
1740 375.769867
1741 375.789825
1742 375.795166
1743 375.792511
1744 375.796478
1745 375.788513
1746 375.781860
1747 375.780518
1748 375.767212
1749 375.763214
1750 375.772552
1751 375.765900
1752 375.763214
1753 375.775208
1754 375.785858
1755 375.783173
1756 375.783173
1757 375.793823
1758 375.789825
1759 375.789825
1760 375.788513
1761 375.785858
1762 375.784515
1763 375.791168
1764 375.789825
1765 375.793823
1766 375.797821
1767 375.800476
1768 375.803131
1769 375.792511
1770 375.785858
1771 375.783173
1772 375.779205
1773 375.777863
1774 375.771210
1775 375.773865
1776 375.763214
1777 375.752563
1778 375.761902
1779 375.767212
1780 375.772552
1781 375.759216
1782 375.763214
1783 375.759216
1784 375.759216
1785 375.755249
1786 375.763214
1787 375.768555
1788 375.775208
1789 375.771210
1790 375.767212
1791 375.769867
1792 375.777863
1793 375.777863
1794 375.783173
1795 375.779205
1796 375.779205
1797 375.779205
1798 375.763214
1799 375.775208
1800 375.763214
1801 375.769867
1802 375.761902
1803 375.779205
1804 375.791168
1805 375.783173
1806 375.784515
1807 375.789825
1808 375.792511
1809 375.799133
1810 375.799133
1811 375.817780
1812 375.804474
1813 375.797821
1814 375.783173
1815 375.763214
1816 375.764557
1817 375.755249
1818 375.752563
1819 375.760559
1820 375.757904
1821 375.745911
1822 375.733948
1823 375.716644
1824 375.728638
1825 375.704681
1826 375.705994
1827 375.717987
1828 375.727295
1829 375.732605
1830 375.733948
1831 375.753906
1832 375.748596
1833 375.756561
1834 375.753906
1835 375.769867
1836 375.751251
1837 375.761902
1838 375.763214
1839 375.757904
1840 375.741943
1841 375.760559
1842 375.749908
1843 375.756561
1844 375.763214
1845 375.773865
1846 375.800476
1847 375.803131
1848 375.795166
1849 375.812439
1850 375.804474
1851 375.809784
1852 375.808472
1853 375.755249
1854 375.764557
1855 375.757904
1856 375.757904
1857 375.747253
1858 375.743256
1859 375.753906
1860 375.743256
1861 375.761902
1862 375.764557
1863 375.760559
1864 375.755249
1865 375.745911
1866 375.747253
1867 375.752563
1868 375.733948
1869 375.736603
1870 375.747253
1871 375.765900
1872 375.784515
1873 375.777863
1874 375.792511
1875 375.797821
1876 375.788513
1877 375.783173
1878 375.789825
1879 375.797821
1880 375.791168
1881 375.780518
1882 375.772552
1883 375.776520
1884 375.777863
1885 375.767212
1886 375.768555
1887 375.773865
1888 375.776520
1889 375.777863
1890 375.773865
1891 375.777863
1892 375.772552
1893 375.757904
1894 375.759216
1895 375.759216
1896 375.761902
1897 375.757904
1898 375.760559
1899 375.751251
1900 375.743256
1901 375.745911
1902 375.743256
1903 375.752563
1904 375.761902
1905 375.759216
1906 375.763214
1907 375.764557
1908 375.759216
1909 375.759216
1910 375.756561
1911 375.756561
1912 375.755249
1913 375.756561
1914 375.759216
1915 375.755249
1916 375.752563
1917 375.756561
1918 375.756561
1919 375.753906
1920 375.761902
1921 375.755249
1922 375.749908
1923 375.749908
1924 375.763214
1925 375.755249
1926 375.756561
1927 375.747253
1928 375.756561
1929 375.753906
1930 375.737946
1931 375.745911
1932 375.757904
1933 375.748596
1934 375.745911
1935 375.743256
1936 375.744598
1937 375.745911
1938 375.728638
1939 375.723297
1940 375.725952
1941 375.728638
1942 375.739258
1943 375.739258
1944 375.747253
1945 375.763214
1946 375.769867
1947 375.791168
1948 375.793823
1949 375.796478
1950 375.803131
1951 375.787170
1952 375.800476
1953 375.799133
1954 375.795166
1955 375.789825
1956 375.776520
1957 375.769867
1958 375.761902
1959 375.752563
1960 375.757904
1961 375.756561
1962 375.748596
1963 375.737946
1964 375.739258
1965 375.736603
1966 375.732605
1967 375.737946
1968 375.740601
1969 375.731293
1970 375.724640
1971 375.732605
1972 375.727295
1973 375.731293
1974 375.737946
1975 375.739258
1976 375.749908
1977 375.748596
1978 375.752563
1979 375.739258
1980 375.719299
1981 375.721985
1982 375.724640
1983 375.735291
1984 375.739258
1985 375.733948
1986 375.732605
1987 375.729950
1988 375.733948
1989 375.733948
1990 375.737946
1991 375.751251
1992 375.752563
1993 375.756561
1994 375.765900
1995 375.765900
1996 375.756561
1997 375.748596
1998 375.755249
1999 375.755249
2000 375.760559
2001 375.748596
2002 375.753906
2003 375.751251
2004 375.741943
2005 375.743256
2006 375.747253
2007 375.747253
2008 375.757904
2009 375.764557
2010 375.748596
2011 375.745911
2012 375.741943
2013 375.736603
2014 375.739258
2015 375.741943
2016 375.743256
2017 375.736603
2018 375.737946
2019 375.740601
2020 375.745911
2021 375.752563
2022 375.753906
2023 375.751251
2024 375.752563
2025 375.751251
2026 375.753906
2027 375.757904
2028 375.753906
2029 375.761902
2030 375.756561
2031 375.756561
2032 375.755249
2033 375.763214
2034 375.779205
2035 375.787170
2036 375.796478
2037 375.789825
2038 375.787170
2039 375.785858
2040 375.788513
2041 375.784515
2042 375.783173
2043 375.781860
2044 375.783173
2045 375.769867
2046 375.759216
2047 375.757904
2048 375.752563
2049 375.752563
2050 375.748596
2051 375.739258
2052 375.736603
2053 375.739258
2054 375.740601
2055 375.748596
2056 375.751251
2057 375.757904
2058 375.761902
2059 375.765900
2060 375.771210
2061 375.761902
2062 375.763214
2063 375.765900
2064 375.771210
2065 375.780518
2066 375.781860
2067 375.780518
2068 375.768555
2069 375.771210
2070 375.769867
2071 375.765900
2072 375.757904
2073 375.749908
2074 375.747253
2075 375.732605
2076 375.724640
2077 375.727295
2078 375.728638
2079 375.743256
2080 375.736603
2081 375.755249
2082 375.761902
2083 375.759216
2084 375.764557
2085 375.756561
2086 375.772552
2087 375.780518
2088 375.780518
2089 375.785858
2090 375.785858
2091 375.779205
2092 375.773865
2093 375.773865
2094 375.772552
2095 375.789825
2096 375.785858
2097 375.788513
2098 375.791168
2099 375.785858
2100 375.785858
2101 375.796478
2102 375.796478
2103 375.803131
2104 375.803131
2105 375.797821
2106 375.805786
2107 375.800476
2108 375.803131
2109 375.803131
2110 375.808472
2111 375.805786
2112 375.804474
2113 375.793823
2114 375.793823
2115 375.795166
2116 375.793823
2117 375.787170
2118 375.783173
2119 375.783173
2120 375.777863
2121 375.776520
2122 375.768555
2123 375.760559
2124 375.753906
2125 375.752563
2126 375.765900
2127 375.769867
2128 375.769867
2129 375.781860
2130 375.783173
2131 375.780518
2132 375.785858
2133 375.780518
2134 375.793823
2135 375.801819
2136 375.809784
2137 375.816437
2138 375.809784
2139 375.821777
2140 375.812439
2141 375.803131
2142 375.787170
2143 375.781860
2144 375.773865
2145 375.779205
2146 375.773865
2147 375.765900
2148 375.769867
2149 375.765900
2150 375.764557
2151 375.771210
2152 375.765900
2153 375.768555
2154 375.767212
2155 375.765900
2156 375.769867
2157 375.779205
2158 375.793823
2159 375.812439
2160 375.824432
2161 375.827087
2162 375.824432
2163 375.827087
2164 375.827087
2165 375.821777
2166 375.823090
2167 375.813782
2168 375.815125
2169 375.813782
2170 375.815125
2171 375.820435
2172 375.815125
2173 375.812439
2174 375.820435
2175 375.812439
2176 375.813782
2177 375.821777
2178 375.813782
2179 375.808472
2180 375.805786
2181 375.799133
2182 375.791168
2183 375.784515
2184 375.769867
2185 375.761902
2186 375.768555
2187 375.759216
2188 375.764557
2189 375.772552
2190 375.784515
2191 375.784515
2192 375.780518
2193 375.795166
2194 375.809784
2195 375.803131
2196 375.805786
2197 375.809784
2198 375.808472
2199 375.784515
2200 375.803131
2201 375.804474
2202 375.807129
2203 375.808472
2204 375.808472
2205 375.799133
2206 375.785858
2207 375.787170
2208 375.791168
2209 375.784515
2210 375.800476
2211 375.820435
2212 375.831085
2213 375.824432
2214 375.821777
2215 375.824432
2216 375.823090
2217 375.815125
2218 375.815125
2219 375.817780
2220 375.812439
2221 375.805786
2222 375.807129
2223 375.812439
2224 375.809784
2225 375.809784
2226 375.792511
2227 375.783173
2228 375.775208
2229 375.752563
2230 375.756561
2231 375.764557
2232 375.763214
2233 375.783173
2234 375.787170
2235 375.789825
2236 375.789825
2237 375.781860
2238 375.781860
2239 375.775208
2240 375.769867
2241 375.765900
2242 375.761902
2243 375.760559
2244 375.760559
2245 375.768555
2246 375.769867
2247 375.769867
2248 375.768555
2249 375.773865
2250 375.776520
2251 375.776520
2252 375.777863
2253 375.776520
2254 375.776520
2255 375.780518
2256 375.764557
2257 375.765900
2258 375.756561
2259 375.753906
2260 375.763214
2261 375.755249
2262 375.751251
2263 375.744598
2264 375.743256
2265 375.756561
2266 375.755249
2267 375.747253
2268 375.751251
2269 375.745911
2270 375.751251
2271 375.747253
2272 375.739258
2273 375.737946
2274 375.743256
2275 375.760559
2276 375.765900
2277 375.771210
2278 375.775208
2279 375.777863
2280 375.780518
2281 375.785858
2282 375.781860
2283 375.777863
2284 375.773865
2285 375.780518
2286 375.776520
2287 375.776520
2288 375.777863
2289 375.771210
2290 375.764557
2291 375.755249
2292 375.749908
2293 375.756561
2294 375.771210
2295 375.795166
2296 375.807129
2297 375.809784
2298 375.816437
2299 375.812439
2300 375.821777
2301 375.808472
2302 375.796478
2303 375.803131
2304 375.813782
2305 375.824432
2306 375.821777
2307 375.807129
2308 375.797821
2309 375.797821
2310 375.807129
2311 375.817780
2312 375.813782
2313 375.799133
2314 375.799133
2315 375.800476
2316 375.804474
2317 375.812439
2318 375.812439
2319 375.809784
2320 375.820435
2321 375.817780
2322 375.828430
2323 375.832397
2324 375.835083
2325 375.828430
2326 375.829742
2327 375.835083
2328 375.832397
2329 375.829742
2330 375.837738
2331 375.837738
2332 375.843048
2333 375.827087
2334 375.827087
2335 375.829742
2336 375.840393
2337 375.832397
2338 375.824432
2339 375.811127
2340 375.803131
2341 375.812439
2342 375.823090
2343 375.827087
2344 375.831085
2345 375.837738
2346 375.828430
2347 375.819092
2348 375.816437
2349 375.825745
2350 375.825745
2351 375.829742
2352 375.823090
2353 375.823090
2354 375.823090
2355 375.820435
2356 375.823090
2357 375.827087
2358 375.823090
2359 375.808472
2360 375.809784
2361 375.809784
2362 375.807129
2363 375.804474
2364 375.813782
2365 375.820435
2366 375.821777
2367 375.813782
2368 375.809784
2369 375.804474
2370 375.809784
2371 375.812439
2372 375.816437
2373 375.816437
2374 375.812439
2375 375.809784
2376 375.811127
2377 375.819092
2378 375.813782
2379 375.805786
2380 375.800476
2381 375.807129
2382 375.811127
2383 375.805786
2384 375.803131
2385 375.807129
2386 375.808472
2387 375.800476
2388 375.795166
2389 375.792511
2390 375.796478
2391 375.809784
2392 375.827087
2393 375.827087
2394 375.813782
2395 375.808472
2396 375.807129
2397 375.804474
2398 375.815125
2399 375.815125
2400 375.812439
2401 375.797821
2402 375.788513
2403 375.777863
2404 375.776520
2405 375.773865
2406 375.776520
2407 375.767212
2408 375.765900
2409 375.777863
2410 375.784515
2411 375.780518
2412 375.784515
2413 375.784515
2414 375.781860
2415 375.788513
2416 375.784515
2417 375.785858
2418 375.783173
2419 375.775208
2420 375.777863
2421 375.771210
2422 375.772552
2423 375.776520
2424 375.779205
2425 375.779205
2426 375.776520
2427 375.779205
2428 375.784515
2429 375.787170
2430 375.789825
2431 375.792511
2432 375.803131
2433 375.795166
2434 375.801819
2435 375.803131
2436 375.799133
2437 375.797821
2438 375.795166
2439 375.792511
2440 375.800476
2441 375.793823
2442 375.793823
2443 375.789825
2444 375.787170
2445 375.795166
2446 375.791168
2447 375.785858
2448 375.775208
2449 375.783173
2450 375.785858
2451 375.780518
2452 375.777863
2453 375.775208
2454 375.776520
2455 375.764557
2456 375.768555
2457 375.763214
2458 375.755249
2459 375.753906
2460 375.745911
2461 375.745911
2462 375.764557
2463 375.791168
2464 375.807129
2465 375.816437
2466 375.820435
2467 375.813782
2468 375.804474
2469 375.803131
2470 375.797821
2471 375.799133
2472 375.791168
2473 375.797821
2474 375.781860
2475 375.787170
2476 375.779205
2477 375.769867
2478 375.787170
2479 375.791168
2480 375.779205
2481 375.772552
2482 375.767212
2483 375.767212
2484 375.780518
2485 375.784515
2486 375.793823
2487 375.792511
2488 375.785858
2489 375.777863
2490 375.763214
2491 375.761902
2492 375.767212
2493 375.772552
2494 375.772552
2495 375.780518
2496 375.781860
2497 375.768555
2498 375.767212
2499 375.763214
2500 375.760559
2501 375.759216
2502 375.761902
2503 375.765900
2504 375.771210
2505 375.800476
2506 375.820435
2507 375.835083
2508 375.835083
2509 375.833740
2510 375.839050
2511 375.840393
2512 375.845703
2513 375.839050
2514 375.840393
2515 375.832397
2516 375.827087
2517 375.825745
2518 375.812439
2519 375.805786
2520 375.811127
2521 375.805786
2522 375.801819
2523 375.800476
2524 375.791168
2525 375.793823
2526 375.781860
2527 375.779205
2528 375.783173
2529 375.781860
2530 375.777863
2531 375.781860
2532 375.781860
2533 375.784515
2534 375.796478
2535 375.799133
2536 375.809784
2537 375.807129
2538 375.805786
2539 375.801819
2540 375.800476
2541 375.805786
2542 375.795166
2543 375.796478
2544 375.788513
2545 375.785858
2546 375.785858
2547 375.776520
2548 375.777863
2549 375.783173
2550 375.783173
2551 375.793823
2552 375.793823
2553 375.804474
2554 375.803131
2555 375.809784
2556 375.811127
2557 375.807129
2558 375.808472
2559 375.804474
2560 375.816437
2561 375.807129
2562 375.823090
2563 375.825745
2564 375.815125
2565 375.808472
2566 375.808472
2567 375.816437
2568 375.840393
2569 375.843048
2570 375.843048
2571 375.841736
2572 375.833740
2573 375.820435
2574 375.831085
2575 375.833740
2576 375.817780
2577 375.827087
2578 375.825745
2579 375.823090
2580 375.832397
2581 375.833740
2582 375.836395
2583 375.831085
2584 375.833740
2585 375.817780
2586 375.820435
2587 375.821777
2588 375.820435
2589 375.824432
2590 375.832397
2591 375.836395
2592 375.839050
2593 375.835083
2594 375.833740
2595 375.823090
2596 375.819092
2597 375.817780
2598 375.820435
2599 375.827087
2600 375.825745
2601 375.811127
2602 375.811127
2603 375.813782
2604 375.819092
2605 375.816437
2606 375.816437
2607 375.817780
2608 375.815125
2609 375.821777
2610 375.823090
2611 375.821777
2612 375.825745
2613 375.819092
2614 375.812439
2615 375.820435
2616 375.819092
2617 375.827087
2618 375.828430
2619 375.819092
2620 375.816437
2621 375.816437
2622 375.811127
2623 375.819092
2624 375.820435
2625 375.829742
2626 375.835083
2627 375.832397
2628 375.824432
2629 375.819092
2630 375.809784
2631 375.825745
2632 375.825745
2633 375.831085
2634 375.828430
2635 375.820435
2636 375.816437
2637 375.809784
2638 375.813782
2639 375.820435
2640 375.827087
2641 375.833740
2642 375.852356
2643 375.847046
2644 375.853699
2645 375.848389
2646 375.845703
2647 375.851044
2648 375.851044
2649 375.856354
2650 375.852356
2651 375.841736
2652 375.832397
2653 375.824432
2654 375.828430
2655 375.823090
2656 375.821777
2657 375.828430
2658 375.827087
2659 375.828430
2660 375.827087
time: 25874.7 ms
