0 361.058167
1 362.027618
2 362.545166
3 362.190552
4 362.198853
5 362.667877
6 363.088135
7 362.931122
8 363.207916
9 363.550537
10 364.347351
11 364.196381
12 362.940765
13 365.346405
14 364.522980
15 363.396484
16 365.563934
17 364.671082
18 363.767792
19 366.218506
20 365.388824
21 364.223846
22 366.447815
23 365.680176
24 364.517487
25 367.582642
26 366.660614
27 364.838318
28 367.730865
29 368.230896
30 365.661041
31 368.468445
32 368.631256
33 366.581512
34 368.581055
35 368.951202
36 366.696045
37 368.947144
38 369.806702
39 367.732239
40 369.230286
41 370.029724
42 368.859039
43 369.622772
44 370.639984
45 369.445526
46 369.726929
47 370.340393
48 370.201294
49 369.956757
50 370.433533
51 370.563080
52 370.537445
53 370.939362
54 371.378510
55 371.200745
56 371.105103
57 371.596558
58 371.315216
59 371.428314
60 371.825226
61 372.045685
62 371.951599
63 372.307678
64 372.667419
65 372.604340
66 372.973175
67 373.225128
68 373.447449
69 373.666962
70 374.033417
71 373.996002
72 374.141693
73 374.364807
74 374.375488
75 374.428894
76 374.507690
77 374.541046
78 374.575775
79 374.746582
80 374.889313
81 374.695862
82 374.771942
83 374.944000
84 374.675873
85 374.743927
86 374.761261
87 374.599792
88 374.611786
89 374.883972
90 374.822632
91 374.742584
92 374.970673
93 374.963989
94 374.906647
95 375.018677
96 375.025330
97 374.883972
98 374.953339
99 374.957336
100 374.955994
101 375.013336
102 375.058655
103 375.079987
104 375.089325
105 375.205292
106 375.142639
107 375.131989
108 375.207947
109 375.157288
110 375.099976
111 375.158630
112 375.155975
113 375.130646
114 375.183960
115 375.213287
116 375.146637
117 375.235931
118 375.254578
119 375.241241
120 375.238586
121 375.225281
122 375.175964
123 375.141296
124 375.137299
125 375.166626
126 375.163971
127 375.162628
128 375.161285
129 375.170624
130 375.199951
131 375.199951
132 375.175964
133 375.201294
134 375.174622
135 375.142639
136 375.115997
137 375.137299
138 375.130646
139 375.142639
140 375.102661
141 375.154633
142 375.157288
143 375.198608
144 375.185303
145 375.167969
146 375.162628
147 375.179962
148 375.175964
149 375.185303
150 375.209290
151 375.209290
152 375.182617
153 375.205292
154 375.185303
155 375.187958
156 375.175964
157 375.167969
158 375.171967
159 375.201294
160 375.250580
161 375.222595
162 375.251923
163 375.267914
164 375.283905
165 375.277222
166 375.314545
167 375.293213
168 375.302551
169 375.282562
170 375.294556
171 375.243927
172 375.222595
173 375.229248
174 375.253235
175 375.237244
176 375.234589
177 375.234589
178 375.230591
179 375.259918
180 375.282562
181 375.301208
182 375.303864
183 375.301208
184 375.307861
185 375.307861
186 375.321198
187 375.317200
188 375.309204
189 375.305206
190 375.311859
191 375.323853
192 375.303864
193 375.293213
194 375.315857
195 375.331848
196 375.337189
197 375.365143
198 375.361145
199 375.361145
200 375.343842
201 375.343842
202 375.342499
203 375.341187
204 375.369141
205 375.349182
206 375.345184
207 375.337189
208 375.350494
209 375.314545
210 375.329193
211 375.322540
212 375.309204
213 375.297211
214 375.271912
215 375.283905
216 375.313202
217 375.331848
218 375.297211
219 375.278564
220 375.287903
221 375.301208
222 375.293213
223 375.279907
224 375.293213
225 375.259918
226 375.251923
227 375.246582
228 375.254578
229 375.265228
230 375.267914
231 375.267914
232 375.261230
233 375.273224
234 375.281219
235 375.315857
236 375.314545
237 375.335846
238 375.295898
239 375.267914
240 375.270569
241 375.285217
242 375.307861
243 375.274567
244 375.303864
245 375.337189
246 375.365143
247 375.395782
248 375.409119
249 375.415771
250 375.410431
251 375.413116
252 375.410431
253 375.415771
254 375.393127
255 375.365143
256 375.345184
257 375.334503
258 375.325195
259 375.301208
260 375.293213
261 375.302551
262 375.313202
263 375.318542
264 375.317200
265 375.349182
266 375.353180
267 375.349182
268 375.330536
269 375.302551
270 375.325195
271 375.363831
272 375.337189
273 375.342499
274 375.355835
275 375.374481
276 375.373138
277 375.375824
278 375.345184
279 375.334503
280 375.309204
281 375.313202
282 375.338501
283 375.315857
284 375.334503
285 375.345184
286 375.351837
287 375.385132
288 375.406433
289 375.410431
290 375.402466
291 375.399780
292 375.395782
293 375.387787
294 375.398468
295 375.415771
296 375.354492
297 375.385132
298 375.349182
299 375.369141
300 375.382477
301 375.378479
302 375.375824
303 375.361145
304 375.358490
305 375.367828
306 375.383789
307 375.386475
308 375.411774
309 375.415771
310 375.402466
311 375.402466
312 375.414429
313 375.406433
314 375.389130
315 375.411774
316 375.386475
317 375.398468
318 375.414429
319 375.450409
320 375.431763
321 375.443726
322 375.455719
323 375.458374
324 375.453064
325 375.442413
326 375.443726
327 375.419769
328 375.406433
329 375.414429
330 375.398468
331 375.390472
332 375.431763
333 375.433075
334 375.431763
335 375.435760
336 375.439728
337 375.431763
338 375.429077
339 375.415771
340 375.403778
341 375.366486
342 375.365143
343 375.349182
344 375.342499
345 375.349182
346 375.362488
347 375.370483
348 375.402466
349 375.415771
350 375.417114
351 375.450409
352 375.447723
353 375.451721
354 375.415771
355 375.390472
356 375.363831
357 375.386475
358 375.390472
359 375.383789
360 375.378479
361 375.403778
362 375.403778
363 375.401123
364 375.387787
365 375.399780
366 375.415771
367 375.402466
368 375.434418
369 375.426422
370 375.442413
371 375.414429
372 375.423767
373 375.423767
374 375.455719
375 375.465057
376 375.461060
377 375.407776
378 375.415771
379 375.407776
380 375.415771
381 375.403778
382 375.399780
383 375.422424
384 375.406433
385 375.414429
386 375.391785
387 375.389130
388 375.387787
389 375.379822
390 375.382477
391 375.369141
392 375.370483
393 375.355835
394 375.359833
395 375.323853
396 375.303864
397 375.299866
398 375.315857
399 375.302551
400 375.306549
401 375.313202
402 375.350494
403 375.325195
404 375.362488
405 375.377136
406 375.377136
407 375.414429
408 375.403778
409 375.382477
410 375.402466
411 375.410431
412 375.394470
413 375.391785
414 375.393127
415 375.386475
416 375.354492
417 375.383789
418 375.343842
419 375.350494
420 375.346497
421 375.319855
422 375.318542
423 375.303864
424 375.310547
425 375.310547
426 375.337189
427 375.343842
428 375.335846
429 375.365143
430 375.370483
431 375.377136
432 375.398468
433 375.377136
434 375.390472
435 375.382477
436 375.382477
437 375.391785
438 375.381134
439 375.410431
440 375.397125
441 375.386475
442 375.390472
443 375.397125
444 375.406433
445 375.405121
446 375.389130
447 375.414429
448 375.393127
449 375.383789
450 375.366486
451 375.353180
452 375.366486
453 375.366486
454 375.334503
455 375.351837
456 375.347839
457 375.378479
458 375.403778
459 375.407776
460 375.417114
461 375.407776
462 375.363831
463 375.347839
464 375.329193
465 375.322540
466 375.343842
467 375.357178
468 375.358490
469 375.389130
470 375.378479
471 375.387787
472 375.377136
473 375.389130
474 375.387787
475 375.387787
476 375.423767
477 375.431763
478 375.443726
479 375.453064
480 375.442413
481 375.449066
482 375.435760
483 375.427765
484 375.442413
485 375.423767
486 375.425079
487 375.441071
488 375.435760
489 375.449066
490 375.425079
491 375.394470
492 375.401123
493 375.367828
494 375.386475
495 375.381134
496 375.379822
497 375.341187
498 375.331848
499 375.317200
500 375.306549
501 375.317200
502 375.337189
503 375.334503
504 375.347839
505 375.355835
506 375.370483
507 375.375824
508 375.383789
509 375.366486
510 375.406433
511 375.401123
512 375.419769
513 375.415771
514 375.435760
515 375.429077
516 375.435760
517 375.414429
518 375.395782
519 375.385132
520 375.403778
521 375.393127
522 375.414429
523 375.427765
524 375.421112
525 375.429077
526 375.407776
527 375.411774
528 375.422424
529 375.414429
530 375.403778
531 375.414429
532 375.410431
533 375.395782
534 375.407776
535 375.403778
536 375.395782
537 375.383789
538 375.374481
539 375.355835
540 375.355835
541 375.362488
542 375.350494
543 375.367828
544 375.397125
545 375.389130
546 375.399780
547 375.402466
548 375.415771
549 375.438416
550 375.434418
551 375.435760
552 375.441071
553 375.445068
554 375.457062
555 375.431763
556 375.426422
557 375.417114
558 375.397125
559 375.370483
560 375.351837
561 375.349182
562 375.335846
563 375.345184
564 375.346497
565 375.369141
566 375.375824
567 375.362488
568 375.365143
569 375.354492
570 375.366486
571 375.377136
572 375.381134
573 375.389130
574 375.389130
575 375.398468
576 375.407776
577 375.429077
578 375.423767
579 375.423767
580 375.402466
581 375.413116
582 375.418427
583 375.414429
584 375.421112
585 375.433075
586 375.414429
587 375.411774
588 375.415771
589 375.385132
590 375.371826
591 375.370483
592 375.351837
593 375.339844
594 375.347839
595 375.331848
596 375.355835
597 375.359833
598 375.351837
599 375.353180
600 375.358490
601 375.337189
602 375.351837
603 375.359833
604 375.353180
605 375.343842
606 375.335846
607 375.373138
608 375.369141
609 375.391785
610 375.369141
611 375.355835
612 375.375824
613 375.373138
614 375.349182
615 375.357178
616 375.351837
617 375.375824
618 375.382477
619 375.363831
620 375.357178
621 375.350494
622 375.325195
623 375.323853
624 375.293213
625 375.310547
626 375.333191
627 375.346497
628 375.366486
629 375.353180
630 375.350494
631 375.366486
632 375.375824
633 375.357178
634 375.355835
635 375.365143
636 375.382477
637 375.390472
638 375.389130
639 375.371826
640 375.379822
641 375.377136
642 375.371826
643 375.371826
644 375.394470
645 375.389130
646 375.381134
647 375.383789
648 375.377136
649 375.385132
650 375.369141
651 375.366486
652 375.354492
653 375.355835
654 375.350494
655 375.371826
656 375.366486
657 375.381134
658 375.385132
659 375.377136
660 375.361145
661 375.341187
662 375.343842
663 375.321198
664 375.323853
665 375.341187
666 375.345184
667 375.366486
668 375.393127
669 375.411774
670 375.426422
671 375.423767
672 375.401123
673 375.395782
674 375.409119
675 375.413116
676 375.405121
677 375.395782
678 375.386475
679 375.383789
680 375.370483
681 375.371826
682 375.363831
683 375.381134
684 375.375824
685 375.374481
686 375.373138
687 375.375824
688 375.367828
689 375.377136
690 375.366486
691 375.370483
692 375.373138
693 375.390472
694 375.391785
695 375.375824
696 375.371826
697 375.358490
698 375.375824
699 375.374481
700 375.363831
701 375.353180
702 375.338501
703 375.353180
704 375.350494
705 375.350494
706 375.331848
707 375.339844
708 375.317200
709 375.314545
710 375.315857
711 375.337189
712 375.330536
713 375.358490
714 375.358490
715 375.374481
716 375.382477
717 375.367828
718 375.371826
719 375.374481
720 375.387787
721 375.385132
722 375.386475
723 375.385132
724 375.387787
725 375.378479
726 375.377136
727 375.386475
728 375.382477
729 375.385132
730 375.379822
731 375.383789
732 375.369141
733 375.359833
734 375.359833
735 375.350494
736 375.338501
737 375.337189
738 375.341187
739 375.339844
740 375.338501
741 375.366486
742 375.365143
743 375.374481
744 375.373138
745 375.373138
746 375.397125
747 375.401123
748 375.391785
749 375.393127
750 375.411774
751 375.394470
752 375.417114
753 375.403778
754 375.386475
755 375.386475
756 375.397125
757 375.393127
758 375.403778
759 375.414429
760 375.414429
761 375.406433
762 375.427765
763 375.423767
764 375.441071
765 375.441071
766 375.425079
767 375.414429
768 375.449066
769 375.445068
770 375.446411
771 375.437073
772 375.442413
773 375.445068
774 375.447723
775 375.441071
776 375.441071
777 375.445068
778 375.463715
779 375.463715
780 375.453064
781 375.458374
782 375.479706
783 375.483673
784 375.477020
785 375.494354
786 375.485016
787 375.478363
788 375.473022
789 375.487671
790 375.489014
791 375.477020
792 375.482361
793 375.475708
794 375.478363
795 375.467712
796 375.473022
797 375.485016
798 375.461060
799 375.449066
800 375.451721
801 375.489014
802 375.499664
803 375.493011
804 375.502319
805 375.502319
806 375.494354
807 375.485016
808 375.499664
809 375.502319
810 375.531616
811 375.503662
812 375.482361
813 375.502319
814 375.515656
815 375.532959
816 375.512970
817 375.495667
818 375.493011
819 375.483673
820 375.487671
821 375.469055
822 375.459717
823 375.447723
824 375.451721
825 375.445068
826 375.457062
827 375.458374
828 375.461060
829 375.474365
830 375.457062
831 375.457062
832 375.446411
833 375.446411
834 375.447723
835 375.457062
836 375.465057
837 375.491669
838 375.463715
839 375.463715
840 375.473022
841 375.470367
842 375.477020
843 375.453064
844 375.437073
845 375.445068
846 375.451721
847 375.443726
848 375.451721
849 375.473022
850 375.466370
851 375.463715
852 375.467712
853 375.469055
854 375.466370
855 375.470367
856 375.475708
857 375.461060
858 375.454376
859 375.465057
860 375.457062
861 375.453064
862 375.462372
863 375.458374
864 375.469055
865 375.462372
866 375.471710
867 375.483673
868 375.487671
869 375.487671
870 375.498322
871 375.489014
872 375.511658
873 375.499664
874 375.497009
875 375.486359
876 375.494354
877 375.475708
878 375.457062
879 375.477020
880 375.485016
881 375.485016
882 375.466370
883 375.466370
884 375.469055
885 375.462372
886 375.449066
887 375.458374
888 375.457062
889 375.466370
890 375.474365
891 375.486359
892 375.490356
893 375.490356
894 375.481018
895 375.462372
896 375.454376
897 375.445068
898 375.445068
899 375.445068
900 375.447723
901 375.450409
902 375.462372
903 375.470367
904 375.478363
905 375.483673
906 375.485016
907 375.503662
908 375.493011
909 375.502319
910 375.497009
911 375.503662
912 375.505005
913 375.510315
914 375.507660
915 375.499664
916 375.506317
917 375.502319
918 375.510315
919 375.510315
920 375.522308
921 375.531616
922 375.510315
923 375.506317
924 375.479706
925 375.470367
926 375.451721
927 375.441071
928 375.458374
929 375.470367
930 375.473022
931 375.459717
932 375.466370
933 375.469055
934 375.457062
935 375.463715
936 375.466370
937 375.475708
938 375.493011
939 375.486359
940 375.483673
941 375.486359
942 375.478363
943 375.465057
944 375.450409
945 375.454376
946 375.433075
947 375.427765
948 375.442413
949 375.461060
950 375.469055
951 375.463715
952 375.479706
953 375.474365
954 375.481018
955 375.495667
956 375.485016
957 375.475708
958 375.453064
959 375.437073
960 375.425079
961 375.421112
962 375.435760
963 375.443726
964 375.446411
965 375.410431
966 375.403778
967 375.421112
968 375.413116
969 375.405121
970 375.397125
971 375.393127
972 375.399780
973 375.405121
974 375.406433
975 375.437073
976 375.441071
977 375.422424
978 375.435760
979 375.438416
980 375.438416
981 375.423767
982 375.422424
983 375.423767
984 375.425079
985 375.415771
986 375.433075
987 375.458374
988 375.438416
989 375.461060
990 375.454376
991 375.458374
992 375.450409
993 375.453064
994 375.462372
995 375.462372
996 375.465057
997 375.470367
998 375.474365
999 375.475708
1000 375.457062
1001 375.470367
1002 375.465057
1003 375.450409
1004 375.450409
1005 375.462372
1006 375.469055
1007 375.470367
1008 375.478363
1009 375.441071
1010 375.435760
1011 375.442413
1012 375.445068
1013 375.426422
1014 375.439728
1015 375.453064
1016 375.443726
1017 375.430420
1018 375.434418
1019 375.455719
1020 375.471710
1021 375.467712
1022 375.470367
1023 375.469055
1024 375.447723
1025 375.453064
1026 375.462372
1027 375.482361
1028 375.486359
1029 375.489014
1030 375.487671
1031 375.502319
1032 375.498322
1033 375.470367
1034 375.479706
1035 375.478363
1036 375.474365
1037 375.459717
1038 375.450409
1039 375.442413
1040 375.455719
1041 375.463715
1042 375.443726
1043 375.443726
1044 375.470367
1045 375.451721
1046 375.461060
1047 375.446411
1048 375.439728
1049 375.434418
1050 375.425079
1051 375.443726
1052 375.446411
1053 375.455719
1054 375.430420
1055 375.435760
1056 375.441071
1057 375.441071
1058 375.439728
1059 375.431763
1060 375.431763
1061 375.421112
1062 375.434418
1063 375.427765
1064 375.417114
1065 375.417114
1066 375.410431
1067 375.397125
1068 375.382477
1069 375.394470
1070 375.367828
1071 375.345184
1072 375.351837
1073 375.361145
1074 375.354492
1075 375.370483
1076 375.370483
1077 375.378479
1078 375.378479
1079 375.383789
1080 375.375824
1081 375.365143
1082 375.373138
1083 375.370483
1084 375.359833
1085 375.379822
1086 375.377136
1087 375.393127
1088 375.379822
1089 375.354492
1090 375.371826
1091 375.373138
1092 375.353180
1093 375.354492
1094 375.370483
1095 375.362488
1096 375.363831
1097 375.369141
1098 375.366486
1099 375.339844
1100 375.345184
1101 375.339844
1102 375.337189
1103 375.345184
1104 375.351837
1105 375.354492
1106 375.378479
1107 375.390472
1108 375.413116
1109 375.423767
1110 375.422424
1111 375.410431
1112 375.387787
1113 375.370483
1114 375.350494
1115 375.345184
1116 375.362488
1117 375.349182
1118 375.342499
1119 375.331848
1120 375.321198
1121 375.325195
1122 375.338501
1123 375.361145
1124 375.358490
1125 375.346497
1126 375.349182
1127 375.329193
1128 375.313202
1129 375.309204
1130 375.315857
1131 375.322540
1132 375.306549
1133 375.306549
1134 375.307861
1135 375.313202
1136 375.315857
1137 375.325195
1138 375.353180
1139 375.345184
1140 375.366486
1141 375.370483
1142 375.374481
1143 375.371826
1144 375.383789
1145 375.401123
1146 375.402466
1147 375.399780
1148 375.415771
1149 375.429077
1150 375.410431
1151 375.395782
1152 375.398468
1153 375.390472
1154 375.383789
1155 375.393127
1156 375.363831
1157 375.370483
1158 375.379822
1159 375.390472
1160 375.397125
1161 375.403778
1162 375.385132
1163 375.379822
1164 375.391785
1165 375.389130
1166 375.407776
1167 375.418427
1168 375.425079
1169 375.450409
1170 375.446411
1171 375.437073
1172 375.451721
1173 375.451721
1174 375.434418
1175 375.426422
1176 375.425079
1177 375.422424
1178 375.438416
1179 375.459717
1180 375.438416
1181 375.441071
1182 375.423767
1183 375.425079
1184 375.439728
1185 375.426422
1186 375.406433
1187 375.409119
1188 375.397125
1189 375.394470
1190 375.379822
1191 375.377136
1192 375.355835
1193 375.362488
1194 375.350494
1195 375.366486
1196 375.382477
1197 375.390472
1198 375.379822
1199 375.385132
1200 375.389130
1201 375.385132
1202 375.369141
1203 375.359833
1204 375.341187
1205 375.302551
1206 375.293213
1207 375.289215
1208 375.289215
1209 375.314545
1210 375.321198
1211 375.337189
1212 375.347839
1213 375.345184
1214 375.343842
1215 375.335846
1216 375.347839
1217 375.349182
1218 375.335846
1219 375.335846
1220 375.350494
1221 375.318542
1222 375.326538
1223 375.337189
1224 375.339844
1225 375.351837
1226 375.345184
1227 375.347839
1228 375.362488
1229 375.343842
1230 375.351837
1231 375.362488
1232 375.371826
1233 375.369141
1234 375.358490
1235 375.354492
1236 375.347839
1237 375.367828
1238 375.359833
1239 375.354492
1240 375.362488
1241 375.370483
1242 375.378479
1243 375.359833
1244 375.369141
1245 375.379822
1246 375.381134
1247 375.371826
1248 375.357178
1249 375.351837
1250 375.355835
1251 375.334503
1252 375.338501
1253 375.335846
1254 375.353180
1255 375.357178
1256 375.355835
1257 375.353180
1258 375.334503
1259 375.343842
1260 375.353180
1261 375.355835
1262 375.345184
1263 375.338501
1264 375.345184
1265 375.357178
1266 375.361145
1267 375.353180
1268 375.345184
1269 375.347839
1270 375.346497
1271 375.343842
1272 375.322540
1273 375.331848
1274 375.331848
1275 375.325195
1276 375.326538
1277 375.325195
1278 375.333191
1279 375.347839
1280 375.351837
1281 375.333191
1282 375.363831
1283 375.369141
1284 375.349182
1285 375.361145
1286 375.361145
1287 375.346497
1288 375.362488
1289 375.365143
1290 375.349182
1291 375.359833
1292 375.355835
1293 375.353180
1294 375.354492
1295 375.347839
1296 375.357178
1297 375.339844
1298 375.334503
1299 375.333191
1300 375.329193
1301 375.330536
1302 375.342499
1303 375.334503
1304 375.327850
1305 375.334503
1306 375.338501
1307 375.323853
1308 375.330536
1309 375.313202
1310 375.293213
1311 375.286560
1312 375.281219
1313 375.282562
1314 375.294556
1315 375.285217
1316 375.289215
1317 375.315857
1318 375.305206
1319 375.307861
1320 375.306549
1321 375.299866
1322 375.307861
1323 375.317200
1324 375.323853
1325 375.353180
1326 375.361145
1327 375.359833
1328 375.369141
1329 375.373138
1330 375.379822
1331 375.395782
1332 375.390472
1333 375.374481
1334 375.370483
1335 375.379822
1336 375.365143
1337 375.357178
1338 375.345184
1339 375.349182
1340 375.377136
1341 375.373138
1342 375.373138
1343 375.367828
1344 375.374481
1345 375.365143
1346 375.349182
1347 375.341187
1348 375.345184
1349 375.350494
1350 375.354492
1351 375.361145
1352 375.369141
1353 375.378479
1354 375.389130
1355 375.374481
1356 375.401123
1357 375.410431
1358 375.410431
1359 375.407776
1360 375.398468
1361 375.417114
1362 375.419769
1363 375.407776
1364 375.387787
1365 375.379822
1366 375.369141
1367 375.355835
1368 375.354492
1369 375.373138
1370 375.373138
1371 375.370483
1372 375.369141
1373 375.394470
1374 375.394470
1375 375.393127
1376 375.386475
1377 375.382477
1378 375.389130
1379 375.377136
1380 375.378479
1381 375.369141
1382 375.362488
1383 375.381134
1384 375.378479
1385 375.381134
1386 375.383789
1387 375.393127
1388 375.409119
1389 375.393127
1390 375.401123
1391 375.419769
1392 375.431763
1393 375.427765
1394 375.438416
1395 375.441071
1396 375.439728
1397 375.450409
1398 375.451721
1399 375.449066
1400 375.445068
1401 375.438416
1402 375.407776
1403 375.413116
1404 375.389130
1405 375.387787
1406 375.379822
1407 375.374481
1408 375.390472
1409 375.381134
1410 375.381134
1411 375.375824
1412 375.358490
1413 375.353180
1414 375.367828
1415 375.370483
1416 375.395782
1417 375.389130
1418 375.397125
1419 375.390472
1420 375.389130
1421 375.389130
1422 375.378479
1423 375.386475
1424 375.377136
1425 375.374481
1426 375.381134
1427 375.374481
1428 375.377136
1429 375.382477
1430 375.382477
1431 375.373138
1432 375.361145
1433 375.375824
1434 375.383789
1435 375.379822
1436 375.387787
1437 375.399780
1438 375.410431
1439 375.398468
1440 375.401123
1441 375.387787
1442 375.406433
1443 375.418427
1444 375.419769
1445 375.393127
1446 375.391785
1447 375.398468
1448 375.375824
1449 375.383789
1450 375.373138
1451 375.378479
1452 375.371826
1453 375.383789
1454 375.385132
1455 375.379822
1456 375.379822
1457 375.369141
1458 375.354492
1459 375.361145
1460 375.346497
1461 375.345184
1462 375.342499
1463 375.326538
1464 375.339844
1465 375.354492
1466 375.347839
1467 375.331848
1468 375.341187
1469 375.337189
1470 375.338501
1471 375.327850
1472 375.318542
1473 375.305206
1474 375.315857
1475 375.351837
1476 375.338501
1477 375.326538
1478 375.351837
1479 375.349182
1480 375.357178
1481 375.354492
1482 375.357178
1483 375.359833
1484 375.369141
1485 375.369141
1486 375.359833
1487 375.365143
1488 375.371826
1489 375.369141
1490 375.382477
1491 375.358490
1492 375.350494
1493 375.330536
1494 375.329193
1495 375.323853
1496 375.322540
1497 375.307861
1498 375.294556
1499 375.321198
1500 375.329193
1501 375.341187
1502 375.329193
1503 375.331848
1504 375.329193
1505 375.309204
1506 375.315857
1507 375.313202
1508 375.303864
1509 375.309204
1510 375.318542
1511 375.330536
1512 375.323853
1513 375.326538
1514 375.341187
1515 375.342499
1516 375.334503
1517 375.331848
1518 375.341187
1519 375.321198
1520 375.317200
1521 375.306549
1522 375.293213
1523 375.289215
1524 375.293213
1525 375.305206
1526 375.293213
1527 375.305206
1528 375.311859
1529 375.306549
1530 375.306549
1531 375.310547
1532 375.319855
1533 375.306549
1534 375.311859
1535 375.315857
1536 375.330536
1537 375.317200
1538 375.323853
1539 375.318542
1540 375.307861
1541 375.306549
1542 375.310547
1543 375.289215
1544 375.286560
1545 375.283905
1546 375.282562
1547 375.290558
1548 375.290558
1549 375.287903
1550 375.303864
1551 375.305206
1552 375.303864
1553 375.299866
1554 375.283905
1555 375.271912
1556 375.258575
1557 375.262573
1558 375.274567
1559 375.297211
1560 375.297211
1561 375.314545
1562 375.305206
1563 375.287903
1564 375.265228
1565 375.255920
1566 375.262573
1567 375.266571
1568 375.243927
1569 375.245239
1570 375.238586
1571 375.238586
1572 375.241241
1573 375.238586
1574 375.230591
1575 375.233246
1576 375.245239
1577 375.250580
1578 375.257233
1579 375.265228
1580 375.277222
1581 375.283905
1582 375.269226
1583 375.254578
1584 375.258575
1585 375.258575
1586 375.283905
1587 375.287903
1588 375.274567
1589 375.259918
1590 375.263916
1591 375.263916
1592 375.263916
1593 375.267914
1594 375.259918
1595 375.266571
1596 375.271912
1597 375.287903
1598 375.286560
1599 375.293213
1600 375.283905
1601 375.282562
1602 375.278564
1603 375.277222
1604 375.287903
1605 375.286560
1606 375.270569
1607 375.273224
1608 375.259918
1609 375.250580
1610 375.250580
1611 375.235931
1612 375.231934
1613 375.226593
1614 375.209290
1615 375.195953
1616 375.209290
1617 375.213287
1618 375.217285
1619 375.206604
1620 375.191956
1621 375.183960
1622 375.185303
1623 375.189301
1624 375.191956
1625 375.206604
1626 375.231934
1627 375.237244
1628 375.247925
1629 375.251923
1630 375.259918
1631 375.273224
1632 375.293213
1633 375.298553
1634 375.301208
1635 375.281219
1636 375.278564
1637 375.265228
1638 375.241241
1639 375.238586
1640 375.238586
1641 375.231934
1642 375.229248
1643 375.243927
1644 375.231934
1645 375.226593
1646 375.205292
1647 375.209290
1648 375.217285
1649 375.217285
1650 375.214600
1651 375.239929
1652 375.243927
1653 375.243927
1654 375.246582
1655 375.246582
1656 375.258575
1657 375.249237
1658 375.261230
1659 375.266571
1660 375.269226
1661 375.270569
1662 375.234589
1663 375.251923
1664 375.255920
1665 375.269226
1666 375.285217
1667 375.273224
1668 375.293213
1669 375.278564
1670 375.282562
1671 375.263916
1672 375.271912
1673 375.263916
1674 375.255920
1675 375.247925
1676 375.226593
1677 375.241241
1678 375.255920
1679 375.265228
1680 375.262573
1681 375.275909
1682 375.279907
1683 375.293213
1684 375.287903
1685 375.286560
1686 375.282562
1687 375.277222
1688 375.266571
1689 375.262573
1690 375.247925
1691 375.241241
1692 375.262573
1693 375.258575
1694 375.247925
1695 375.241241
1696 375.251923
1697 375.237244
1698 375.230591
1699 375.218597
1700 375.219940
1701 375.233246
1702 375.238586
1703 375.255920
1704 375.253235
1705 375.266571
1706 375.269226
1707 375.278564
1708 375.275909
1709 375.265228
1710 375.247925
1711 375.263916
1712 375.270569
1713 375.279907
1714 375.275909
1715 375.270569
1716 375.267914
1717 375.254578
1718 375.257233
1719 375.257233
1720 375.259918
1721 375.263916
1722 375.267914
1723 375.273224
1724 375.266571
1725 375.275909
1726 375.283905
1727 375.282562
1728 375.282562
1729 375.298553
1730 375.287903
1731 375.278564
1732 375.262573
1733 375.267914
1734 375.269226
1735 375.246582
1736 375.237244
1737 375.250580
1738 375.269226
1739 375.285217
1740 375.267914
1741 375.251923
1742 375.242584
1743 375.238586
1744 375.239929
1745 375.230591
1746 375.245239
1747 375.255920
1748 375.251923
1749 375.270569
1750 375.271912
1751 375.285217
1752 375.275909
1753 375.274567
1754 375.290558
1755 375.298553
1756 375.290558
1757 375.303864
1758 375.286560
1759 375.275909
1760 375.281219
1761 375.290558
1762 375.299866
1763 375.291901
1764 375.285217
1765 375.295898
1766 375.289215
1767 375.275909
1768 375.293213
1769 375.287903
1770 375.294556
1771 375.285217
1772 375.293213
1773 375.309204
1774 375.310547
1775 375.293213
1776 375.291901
1777 375.289215
1778 375.299866
1779 375.326538
1780 375.317200
1781 375.302551
1782 375.306549
1783 375.310547
1784 375.307861
1785 375.311859
1786 375.314545
1787 375.334503
1788 375.326538
1789 375.321198
1790 375.297211
1791 375.294556
1792 375.282562
1793 375.279907
1794 375.274567
1795 375.286560
1796 375.258575
1797 375.273224
1798 375.255920
1799 375.261230
1800 375.255920
1801 375.270569
1802 375.283905
1803 375.303864
1804 375.295898
1805 375.274567
1806 375.269226
1807 375.277222
1808 375.283905
1809 375.286560
1810 375.278564
1811 375.282562
1812 375.286560
1813 375.282562
1814 375.282562
1815 375.282562
1816 375.298553
1817 375.299866
1818 375.311859
1819 375.306549
1820 375.309204
1821 375.303864
1822 375.295898
1823 375.287903
1824 375.275909
1825 375.267914
1826 375.262573
1827 375.251923
1828 375.251923
1829 375.270569
1830 375.262573
1831 375.279907
1832 375.277222
1833 375.275909
1834 375.271912
1835 375.265228
1836 375.271912
1837 375.270569
1838 375.257233
1839 375.221283
1840 375.223938
1841 375.229248
1842 375.231934
1843 375.226593
1844 375.225281
1845 375.229248
1846 375.233246
1847 375.261230
1848 375.255920
1849 375.265228
1850 375.286560
1851 375.295898
1852 375.309204
1853 375.322540
1854 375.335846
1855 375.341187
1856 375.345184
1857 375.345184
1858 375.337189
1859 375.350494
1860 375.341187
1861 375.339844
1862 375.318542
1863 375.317200
1864 375.326538
1865 375.318542
1866 375.303864
1867 375.310547
1868 375.306549
1869 375.299866
1870 375.314545
1871 375.289215
1872 375.274567
1873 375.259918
1874 375.257233
1875 375.238586
1876 375.249237
1877 375.249237
1878 375.247925
1879 375.253235
1880 375.257233
1881 375.249237
1882 375.254578
1883 375.250580
1884 375.255920
1885 375.263916
1886 375.279907
1887 375.281219
1888 375.290558
1889 375.290558
1890 375.287903
1891 375.303864
1892 375.313202
1893 375.318542
1894 375.314545
1895 375.307861
1896 375.285217
1897 375.253235
1898 375.249237
1899 375.242584
1900 375.243927
1901 375.239929
1902 375.250580
1903 375.253235
1904 375.255920
1905 375.258575
1906 375.267914
1907 375.267914
1908 375.290558
1909 375.285217
1910 375.277222
1911 375.259918
1912 375.250580
1913 375.247925
1914 375.237244
1915 375.243927
1916 375.239929
1917 375.239929
1918 375.225281
1919 375.215942
1920 375.205292
1921 375.199951
1922 375.181274
1923 375.199951
1924 375.202606
1925 375.182617
1926 375.191956
1927 375.173279
1928 375.182617
1929 375.187958
1930 375.183960
1931 375.187958
1932 375.190613
1933 375.177277
1934 375.157288
1935 375.166626
1936 375.178619
1937 375.165283
1938 375.162628
1939 375.155975
1940 375.151978
1941 375.161285
1942 375.159973
1943 375.158630
1944 375.163971
1945 375.157288
1946 375.158630
1947 375.159973
1948 375.166626
1949 375.175964
1950 375.142639
1951 375.149292
1952 375.165283
1953 375.169281
1954 375.159973
1955 375.177277
1956 375.178619
1957 375.179962
1958 375.178619
1959 375.178619
1960 375.178619
1961 375.171967
1962 375.183960
1963 375.182617
1964 375.198608
1965 375.205292
1966 375.242584
1967 375.230591
1968 375.230591
1969 375.226593
1970 375.198608
1971 375.222595
1972 375.215942
1973 375.223938
1974 375.213287
1975 375.234589
1976 375.218597
1977 375.222595
1978 375.210602
1979 375.213287
1980 375.218597
1981 375.213287
1982 375.210602
1983 375.190613
1984 375.177277
1985 375.165283
1986 375.171967
1987 375.171967
1988 375.158630
1989 375.155975
1990 375.158630
1991 375.169281
1992 375.194611
1993 375.203949
1994 375.207947
1995 375.223938
1996 375.215942
1997 375.222595
1998 375.223938
1999 375.239929
2000 375.242584
2001 375.249237
2002 375.262573
2003 375.269226
2004 375.274567
2005 375.277222
2006 375.295898
2007 375.291901
2008 375.290558
2009 375.299866
2010 375.305206
2011 375.319855
2012 375.298553
2013 375.295898
2014 375.291901
2015 375.294556
2016 375.302551
2017 375.307861
2018 375.285217
2019 375.269226
2020 375.270569
2021 375.257233
2022 375.253235
2023 375.261230
2024 375.247925
2025 375.235931
2026 375.238586
2027 375.227936
2028 375.229248
2029 375.230591
2030 375.242584
2031 375.242584
2032 375.241241
2033 375.230591
2034 375.231934
2035 375.225281
2036 375.222595
2037 375.230591
2038 375.225281
2039 375.226593
2040 375.233246
2041 375.223938
2042 375.218597
2043 375.231934
2044 375.227936
2045 375.210602
2046 375.230591
2047 375.231934
2048 375.235931
2049 375.225281
2050 375.211945
2051 375.211945
2052 375.205292
2053 375.205292
2054 375.214600
2055 375.213287
2056 375.210602
2057 375.195953
2058 375.202606
2059 375.211945
2060 375.202606
2061 375.203949
2062 375.201294
2063 375.203949
2064 375.210602
2065 375.233246
2066 375.222595
2067 375.233246
2068 375.226593
2069 375.210602
2070 375.210602
2071 375.210602
2072 375.211945
2073 375.210602
2074 375.191956
2075 375.193298
2076 375.189301
2077 375.178619
2078 375.165283
2079 375.149292
2080 375.147980
2081 375.171967
2082 375.167969
2083 375.155975
2084 375.169281
2085 375.170624
2086 375.175964
2087 375.189301
2088 375.198608
2089 375.210602
2090 375.213287
2091 375.207947
2092 375.207947
2093 375.179962
2094 375.182617
2095 375.179962
2096 375.182617
2097 375.182617
2098 375.199951
2099 375.186615
2100 375.185303
2101 375.165283
2102 375.159973
2103 375.166626
2104 375.178619
2105 375.174622
2106 375.175964
2107 375.173279
2108 375.181274
2109 375.169281
2110 375.169281
2111 375.183960
2112 375.185303
2113 375.190613
2114 375.198608
2115 375.203949
2116 375.202606
2117 375.214600
2118 375.214600
2119 375.199951
2120 375.217285
2121 375.215942
2122 375.195953
2123 375.162628
2124 375.166626
2125 375.157288
2126 375.153290
2127 375.154633
2128 375.145294
2129 375.158630
2130 375.151978
2131 375.130646
2132 375.129303
2133 375.114655
2134 375.097321
2135 375.075989
2136 375.082672
2137 375.070648
2138 375.086670
2139 375.067993
2140 375.091980
2141 375.101318
2142 375.103973
2143 375.115997
2144 375.122650
2145 375.133301
2146 375.139984
2147 375.150635
2148 375.153290
2149 375.130646
2150 375.126648
2151 375.126648
2152 375.121307
2153 375.101318
2154 375.102661
2155 375.115997
2156 375.126648
2157 375.129303
2158 375.127991
2159 375.119995
2160 375.139984
2161 375.151978
2162 375.133301
2163 375.138641
2164 375.146637
2165 375.118652
2166 375.121307
2167 375.117310
2168 375.125305
2169 375.126648
2170 375.126648
2171 375.107971
2172 375.110657
2173 375.101318
2174 375.087982
2175 375.091980
2176 375.082672
2177 375.067993
2178 375.054657
2179 375.061340
2180 375.066650
2181 375.046661
2182 375.048004
2183 375.048004
2184 375.049316
2185 375.059998
2186 375.058655
2187 375.050659
2188 375.048004
2189 375.056000
2190 375.070648
2191 375.079987
2192 375.078644
2193 375.087982
2194 375.086670
2195 375.091980
2196 375.098663
2197 375.107971
2198 375.102661
2199 375.109314
2200 375.090668
2201 375.101318
2202 375.087982
2203 375.071991
2204 375.069336
2205 375.067993
2206 375.081329
2207 375.077332
2208 375.085327
2209 375.101318
2210 375.091980
2211 375.101318
2212 375.091980
2213 375.097321
2214 375.089325
2215 375.115997
2216 375.099976
2217 375.081329
2218 375.091980
2219 375.098663
2220 375.095978
2221 375.098663
2222 375.099976
2223 375.098663
2224 375.087982
2225 375.094666
2226 375.090668
2227 375.078644
2228 375.063995
2229 375.063995
2230 375.061340
2231 375.057343
2232 375.057343
2233 375.049316
2234 375.075989
2235 375.098663
2236 375.090668
2237 375.087982
2238 375.089325
2239 375.075989
2240 375.085327
2241 375.073334
2242 375.061340
2243 375.058655
2244 375.077332
2245 375.067993
2246 375.069336
2247 375.054657
2248 375.067993
2249 375.056000
2250 375.067993
2251 375.057343
2252 375.049316
2253 375.041321
2254 375.045319
2255 375.033325
2256 375.036011
2257 375.015991
2258 375.003998
2259 375.006653
2260 374.989319
2261 374.982666
2262 374.992004
2263 374.994659
2264 374.966675
2265 374.967987
2266 374.962677
2267 374.971985
2268 374.970673
2269 374.976013
2270 374.951996
2271 374.947998
2272 374.949341
2273 374.959991
2274 374.932007
2275 374.922668
2276 374.932007
2277 374.932007
2278 374.947998
2279 374.942657
2280 374.937317
2281 374.953339
2282 374.953339
2283 374.945343
2284 374.957336
2285 374.954651
2286 374.959991
2287 374.967987
2288 374.967987
2289 374.965332
2290 374.941315
2291 374.954651
2292 374.959991
2293 374.941315
2294 374.941315
2295 374.936005
2296 374.941315
2297 374.944000
2298 374.937317
2299 374.951996
2300 374.958679
2301 374.946655
2302 374.950653
2303 374.950653
2304 374.949341
2305 374.933319
2306 374.926666
2307 374.922668
2308 374.906647
2309 374.907990
2310 374.890656
2311 374.878662
2312 374.917328
2313 374.902649
2314 374.919983
2315 374.925323
2316 374.929321
2317 374.922668
2318 374.930664
2319 374.938660
2320 374.950653
2321 374.965332
2322 374.957336
2323 374.953339
2324 374.938660
2325 374.951996
2326 374.953339
2327 374.934662
2328 374.910645
2329 374.897308
2330 374.902649
2331 374.902649
2332 374.903992
2333 374.907990
2334 374.897308
2335 374.899994
2336 374.897308
2337 374.889313
2338 374.875977
2339 374.895996
2340 374.902649
2341 374.895996
2342 374.899994
2343 374.897308
2344 374.894653
2345 374.894653
2346 374.886658
2347 374.878662
2348 374.867981
2349 374.873322
2350 374.878662
2351 374.874634
2352 374.877319
2353 374.867981
2354 374.887970
2355 374.905334
2356 374.898651
2357 374.902649
2358 374.907990
2359 374.883972
2360 374.893311
2361 374.885315
2362 374.885315
2363 374.871979
2364 374.875977
2365 374.881317
2366 374.883972
2367 374.895996
2368 374.895996
2369 374.899994
2370 374.893311
2371 374.881317
2372 374.879974
2373 374.881317
2374 374.879974
2375 374.882660
2376 374.894653
2377 374.889313
2378 374.889313
2379 374.886658
2380 374.873322
2381 374.877319
2382 374.857300
2383 374.865295
2384 374.858643
2385 374.849304
2386 374.850647
2387 374.849304
2388 374.846649
2389 374.853302
2390 374.859985
2391 374.849304
2392 374.849304
2393 374.847961
2394 374.853302
2395 374.854645
2396 374.869324
2397 374.867981
2398 374.874634
2399 374.871979
2400 374.869324
2401 374.862640
2402 374.851959
2403 374.858643
2404 374.847961
2405 374.853302
2406 374.842621
2407 374.838623
2408 374.837311
2409 374.842621
2410 374.849304
2411 374.847961
2412 374.845306
2413 374.841309
2414 374.847961
2415 374.865295
2416 374.851959
2417 374.842621
2418 374.849304
2419 374.854645
2420 374.859985
2421 374.843964
2422 374.843964
2423 374.841309
2424 374.833282
2425 374.818634
2426 374.814606
2427 374.814606
2428 374.806610
2429 374.815948
2430 374.813293
2431 374.811951
2432 374.794617
2433 374.807953
2434 374.801270
2435 374.805298
2436 374.795959
2437 374.790619
2438 374.782593
2439 374.791931
2440 374.795959
2441 374.803955
2442 374.821289
2443 374.829285
2444 374.830627
2445 374.823944
2446 374.822632
2447 374.829285
2448 374.826630
2449 374.837311
2450 374.831970
2451 374.826630
2452 374.841309
2453 374.849304
2454 374.827972
2455 374.825287
2456 374.809296
2457 374.807953
2458 374.821289
2459 374.825287
2460 374.826630
2461 374.830627
2462 374.826630
2463 374.830627
2464 374.826630
2465 374.823944
2466 374.821289
2467 374.822632
2468 374.830627
2469 374.843964
2470 374.838623
2471 374.835968
2472 374.854645
2473 374.847961
2474 374.842621
2475 374.845306
2476 374.866638
2477 374.869324
2478 374.877319
2479 374.863983
2480 374.846649
2481 374.850647
2482 374.853302
2483 374.839966
2484 374.834625
2485 374.830627
2486 374.819946
2487 374.829285
2488 374.846649
2489 374.839966
2490 374.846649
2491 374.853302
2492 374.855988
2493 374.855988
2494 374.861298
2495 374.854645
2496 374.865295
2497 374.871979
2498 374.862640
2499 374.850647
2500 374.838623
2501 374.834625
2502 374.837311
2503 374.833282
2504 374.826630
2505 374.829285
2506 374.822632
2507 374.810608
2508 374.802612
2509 374.814606
2510 374.817291
2511 374.822632
2512 374.825287
2513 374.810608
2514 374.801270
2515 374.819946
2516 374.815948
2517 374.799957
2518 374.797272
2519 374.815948
2520 374.799957
2521 374.821289
2522 374.825287
2523 374.826630
2524 374.818634
2525 374.821289
2526 374.817291
2527 374.802612
2528 374.811951
2529 374.794617
2530 374.807953
2531 374.801270
2532 374.803955
2533 374.791931
2534 374.782593
2535 374.790619
2536 374.781281
2537 374.777252
2538 374.783936
2539 374.775940
2540 374.793274
2541 374.793274
2542 374.794617
2543 374.791931
2544 374.797272
2545 374.787933
2546 374.785278
2547 374.782593
2548 374.790619
2549 374.797272
2550 374.787933
2551 374.803955
2552 374.791931
2553 374.794617
2554 374.775940
2555 374.791931
2556 374.794617
2557 374.799957
2558 374.813293
2559 374.821289
2560 374.827972
2561 374.839966
2562 374.831970
2563 374.842621
2564 374.831970
2565 374.831970
2566 374.821289
2567 374.809296
2568 374.807953
2569 374.806610
2570 374.810608
2571 374.803955
2572 374.797272
2573 374.795959
2574 374.797272
2575 374.805298
2576 374.798615
2577 374.807953
2578 374.806610
2579 374.798615
2580 374.795959
2581 374.811951
2582 374.813293
2583 374.818634
2584 374.810608
2585 374.811951
2586 374.810608
2587 374.810608
2588 374.829285
2589 374.835968
2590 374.818634
2591 374.798615
2592 374.793274
2593 374.801270
2594 374.807953
2595 374.807953
2596 374.813293
2597 374.827972
2598 374.829285
2599 374.845306
2600 374.823944
2601 374.825287
2602 374.835968
2603 374.841309
2604 374.842621
2605 374.846649
2606 374.858643
2607 374.857300
2608 374.849304
2609 374.867981
2610 374.853302
2611 374.867981
2612 374.875977
2613 374.863983
2614 374.862640
2615 374.854645
2616 374.863983
2617 374.854645
2618 374.850647
2619 374.839966
2620 374.833282
2621 374.825287
2622 374.818634
2623 374.819946
2624 374.818634
2625 374.823944
2626 374.821289
2627 374.822632
2628 374.823944
2629 374.803955
2630 374.815948
2631 374.833282
2632 374.833282
2633 374.850647
2634 374.858643
2635 374.869324
2636 374.858643
2637 374.869324
2638 374.879974
2639 374.873322
2640 374.870636
2641 374.861298
2642 374.871979
2643 374.863983
2644 374.870636
2645 374.878662
2646 374.857300
2647 374.854645
2648 374.847961
2649 374.855988
2650 374.869324
2651 374.865295
2652 374.859985
2653 374.845306
2654 374.830627
2655 374.829285
2656 374.834625
2657 374.865295
2658 374.865295
2659 374.866638
2660 374.846649
2661 374.850647
2662 374.838623
2663 374.838623
2664 374.853302
2665 374.853302
2666 374.847961
2667 374.847961
2668 374.845306
2669 374.833282
2670 374.833282
2671 374.829285
2672 374.833282
2673 374.823944
2674 374.834625
2675 374.825287
2676 374.825287
2677 374.817291
2678 374.835968
2679 374.825287
2680 374.809296
2681 374.823944
2682 374.822632
2683 374.822632
2684 374.830627
2685 374.811951
2686 374.815948
2687 374.814606
2688 374.810608
2689 374.821289
2690 374.842621
2691 374.851959
2692 374.858643
2693 374.863983
2694 374.866638
2695 374.862640
2696 374.861298
2697 374.850647
2698 374.831970
2699 374.823944
2700 374.819946
2701 374.819946
2702 374.827972
2703 374.829285
2704 374.847961
2705 374.847961
2706 374.837311
2707 374.834625
2708 374.821289
2709 374.814606
2710 374.818634
2711 374.819946
2712 374.819946
2713 374.823944
2714 374.838623
2715 374.833282
2716 374.818634
2717 374.818634
2718 374.830627
2719 374.842621
2720 374.857300
2721 374.837311
2722 374.834625
2723 374.819946
2724 374.818634
2725 374.806610
2726 374.806610
2727 374.813293
2728 374.826630
2729 374.830627
2730 374.830627
2731 374.827972
2732 374.827972
2733 374.831970
2734 374.823944
2735 374.825287
2736 374.839966
2737 374.834625
2738 374.831970
2739 374.807953
2740 374.807953
2741 374.826630
2742 374.846649
2743 374.861298
2744 374.855988
2745 374.855988
2746 374.837311
2747 374.849304
2748 374.855988
2749 374.834625
2750 374.833282
2751 374.830627
2752 374.833282
2753 374.838623
2754 374.846649
2755 374.830627
2756 374.849304
2757 374.826630
2758 374.814606
2759 374.810608
2760 374.814606
2761 374.817291
2762 374.817291
2763 374.798615
2764 374.817291
2765 374.823944
2766 374.817291
2767 374.822632
2768 374.827972
2769 374.819946
2770 374.809296
2771 374.807953
2772 374.807953
2773 374.819946
2774 374.807953
2775 374.815948
2776 374.810608
2777 374.814606
2778 374.806610
2779 374.805298
2780 374.801270
2781 374.797272
2782 374.791931
2783 374.802612
2784 374.794617
2785 374.785278
2786 374.767914
2787 374.777252
2788 374.781281
2789 374.775940
2790 374.786621
2791 374.781281
2792 374.781281
2793 374.785278
2794 374.765259
2795 374.779938
2796 374.777252
2797 374.769257
2798 374.773254
2799 374.791931
2800 374.791931
2801 374.793274
2802 374.789276
2803 374.785278
2804 374.770599
2805 374.777252
2806 374.771942
2807 374.765259
2808 374.763916
2809 374.771942
2810 374.770599
2811 374.770599
2812 374.763916
2813 374.775940
2814 374.774597
2815 374.777252
2816 374.777252
2817 374.762604
2818 374.753265
2819 374.750580
2820 374.757263
2821 374.753265
2822 374.738586
2823 374.738586
2824 374.730560
2825 374.731903
2826 374.737244
2827 374.735901
2828 374.727905
2829 374.717224
2830 374.727905
2831 374.725220
2832 374.721222
2833 374.705231
2834 374.710541
2835 374.706543
2836 374.702545
2837 374.713226
2838 374.714569
2839 374.733246
2840 374.741241
2841 374.739899
2842 374.751923
2843 374.753265
2844 374.762604
2845 374.771942
2846 374.771942
2847 374.782593
2848 374.759918
2849 374.770599
2850 374.781281
2851 374.786621
2852 374.787933
2853 374.789276
2854 374.794617
2855 374.782593
2856 374.779938
2857 374.766602
2858 374.774597
2859 374.778595
2860 374.775940
2861 374.765259
2862 374.765259
2863 374.765259
2864 374.773254
2865 374.769257
2866 374.771942
2867 374.773254
2868 374.763916
2869 374.782593
2870 374.779938
2871 374.794617
2872 374.806610
2873 374.806610
2874 374.801270
2875 374.817291
2876 374.834625
2877 374.830627
2878 374.825287
2879 374.811951
2880 374.790619
2881 374.779938
2882 374.763916
2883 374.774597
2884 374.782593
2885 374.790619
2886 374.786621
2887 374.782593
2888 374.783936
2889 374.777252
2890 374.795959
2891 374.789276
2892 374.797272
2893 374.791931
2894 374.790619
2895 374.787933
2896 374.786621
2897 374.801270
2898 374.801270
2899 374.809296
2900 374.810608
2901 374.798615
2902 374.810608
2903 374.810608
2904 374.794617
2905 374.801270
2906 374.797272
2907 374.806610
2908 374.801270
2909 374.790619
2910 374.791931
2911 374.793274
2912 374.794617
2913 374.769257
2914 374.774597
2915 374.775940
2916 374.802612
2917 374.811951
2918 374.821289
2919 374.814606
2920 374.810608
2921 374.831970
2922 374.853302
2923 374.837311
2924 374.847961
2925 374.835968
2926 374.839966
2927 374.834625
2928 374.821289
2929 374.815948
2930 374.815948
2931 374.807953
2932 374.819946
2933 374.807953
2934 374.790619
2935 374.777252
2936 374.769257
2937 374.771942
2938 374.785278
2939 374.793274
2940 374.786621
2941 374.785278
2942 374.779938
2943 374.769257
2944 374.774597
2945 374.765259
2946 374.761261
2947 374.770599
2948 374.766602
2949 374.751923
2950 374.751923
2951 374.743927
2952 374.753265
2953 374.743927
2954 374.742584
2955 374.742584
2956 374.726562
2957 374.726562
2958 374.742584
2959 374.730560
2960 374.739899
2961 374.755920
2962 374.766602
2963 374.761261
2964 374.761261
2965 374.769257
2966 374.757263
2967 374.749237
2968 374.735901
2969 374.726562
2970 374.717224
2971 374.722565
2972 374.714569
2973 374.706543
2974 374.689209
2975 374.697205
2976 374.715881
2977 374.719910
2978 374.717224
2979 374.711884
2980 374.717224
2981 374.713226
2982 374.709229
2983 374.721222
2984 374.727905
2985 374.729248
2986 374.737244
2987 374.737244
2988 374.739899
2989 374.757263
2990 374.762604
2991 374.753265
2992 374.757263
2993 374.758575
2994 374.763916
2995 374.767914
2996 374.769257
2997 374.781281
2998 374.773254
2999 374.783936
3000 374.769257
3001 374.761261
3002 374.754578
3003 374.762604
3004 374.750580
3005 374.761261
3006 374.739899
3007 374.750580
3008 374.754578
3009 374.749237
3010 374.751923
3011 374.749237
3012 374.746582
3013 374.763916
3014 374.762604
3015 374.755920
3016 374.745239
3017 374.749237
3018 374.746582
3019 374.753265
3020 374.739899
3021 374.725220
3022 374.719910
3023 374.726562
3024 374.729248
3025 374.729248
3026 374.750580
3027 374.734558
3028 374.733246
3029 374.730560
3030 374.737244
3031 374.739899
3032 374.735901
3033 374.725220
3034 374.730560
3035 374.739899
3036 374.730560
3037 374.731903
3038 374.734558
3039 374.743927
3040 374.739899
3041 374.739899
3042 374.734558
3043 374.734558
3044 374.727905
3045 374.727905
3046 374.725220
3047 374.726562
3048 374.723907
3049 374.706543
3050 374.713226
3051 374.706543
3052 374.703888
3053 374.697205
3054 374.702545
3055 374.707886
3056 374.705231
3057 374.717224
3058 374.713226
3059 374.710541
3060 374.707886
3061 374.686523
3062 374.691864
3063 374.693207
3064 374.694550
3065 374.706543
3066 374.701202
3067 374.713226
3068 374.717224
3069 374.699890
3070 374.701202
3071 374.706543
3072 374.698547
3073 374.690552
3074 374.709229
3075 374.689209
3076 374.683868
3077 374.678528
3078 374.674530
3079 374.671844
3080 374.674530
3081 374.669189
3082 374.678528
3083 374.690552
3084 374.690552
3085 374.706543
3086 374.718567
3087 374.698547
3088 374.690552
3089 374.686523
3090 374.678528
3091 374.682526
3092 374.687866
3093 374.674530
3094 374.666504
3095 374.665192
3096 374.673187
3097 374.661194
3098 374.653168
3099 374.634491
3100 374.642487
3101 374.638489
3102 374.643829
3103 374.646515
3104 374.666504
3105 374.645172
3106 374.657166
3107 374.655853
3108 374.665192
3109 374.654510
3110 374.659851
3111 374.651825
3112 374.661194
3113 374.661194
3114 374.663849
3115 374.651825
3116 374.651825
3117 374.647827
3118 374.619812
3119 374.630493
3120 374.626495
3121 374.630493
3122 374.629150
3123 374.617126
3124 374.626495
3125 374.621155
3126 374.609131
3127 374.599792
3128 374.589111
3129 374.591766
3130 374.579773
3131 374.577087
3132 374.561066
3133 374.566406
3134 374.563751
3135 374.575775
3136 374.579773
3137 374.594452
3138 374.611786
3139 374.613129
3140 374.626495
3141 374.614471
3142 374.617126
3143 374.621155
3144 374.614471
3145 374.633148
3146 374.641174
3147 374.638489
3148 374.642487
3149 374.649170
3150 374.651825
3151 374.646515
3152 374.657166
3153 374.653168
3154 374.654510
3155 374.651825
3156 374.646515
3157 374.633148
3158 374.645172
3159 374.638489
3160 374.633148
3161 374.615814
3162 374.623810
3163 374.635834
3164 374.646515
3165 374.638489
3166 374.646515
3167 374.638489
3168 374.623810
3169 374.622467
3170 374.635834
3171 374.634491
3172 374.639832
3173 374.631805
3174 374.623810
3175 374.627808
3176 374.631805
3177 374.629150
3178 374.625153
3179 374.631805
3180 374.631805
3181 374.639832
3182 374.625153
3183 374.622467
3184 374.615814
3185 374.621155
3186 374.621155
3187 374.619812
3188 374.609131
3189 374.623810
3190 374.634491
3191 374.647827
3192 374.647827
3193 374.642487
3194 374.649170
3195 374.654510
3196 374.651825
3197 374.634491
3198 374.625153
3199 374.634491
3200 374.630493
3201 374.633148
3202 374.637146
3203 374.617126
3204 374.622467
3205 374.619812
3206 374.625153
3207 374.619812
3208 374.607788
3209 374.602448
3210 374.609131
3211 374.606445
3212 374.617126
3213 374.598450
3214 374.605133
3215 374.617126
3216 374.609131
3217 374.606445
3218 374.605133
3219 374.602448
3220 374.613129
3221 374.603790
3222 374.590454
3223 374.597107
3224 374.599792
3225 374.598450
3226 374.613129
3227 374.615814
3228 374.629150
3229 374.633148
3230 374.641174
3231 374.646515
3232 374.655853
3233 374.654510
3234 374.631805
3235 374.635834
3236 374.627808
3237 374.617126
3238 374.631805
3239 374.631805
3240 374.623810
3241 374.629150
3242 374.638489
3243 374.626495
3244 374.631805
3245 374.633148
3246 374.629150
3247 374.617126
3248 374.607788
3249 374.615814
3250 374.629150
3251 374.617126
3252 374.609131
3253 374.611786
3254 374.597107
3255 374.583771
3256 374.597107
3257 374.610474
3258 374.603790
3259 374.609131
3260 374.610474
3261 374.621155
3262 374.626495
3263 374.622467
3264 374.617126
3265 374.619812
3266 374.625153
3267 374.642487
3268 374.629150
3269 374.631805
3270 374.635834
3271 374.626495
3272 374.629150
3273 374.629150
3274 374.639832
3275 374.645172
3276 374.638489
3277 374.647827
3278 374.635834
3279 374.629150
3280 374.635834
3281 374.626495
3282 374.627808
3283 374.622467
3284 374.617126
3285 374.621155
3286 374.610474
3287 374.597107
3288 374.593109
3289 374.583771
3290 374.582428
3291 374.565094
3292 374.555725
3293 374.549072
3294 374.562408
3295 374.578430
3296 374.594452
3297 374.595795
3298 374.605133
3299 374.606445
3300 374.609131
3301 374.605133
3302 374.615814
3303 374.634491
3304 374.626495
3305 374.622467
3306 374.619812
3307 374.635834
3308 374.635834
3309 374.647827
3310 374.639832
3311 374.642487
3312 374.642487
3313 374.635834
3314 374.638489
3315 374.645172
3316 374.637146
3317 374.645172
3318 374.650513
3319 374.650513
3320 374.662506
3321 374.646515
3322 374.654510
3323 374.659851
3324 374.655853
3325 374.638489
3326 374.635834
3327 374.629150
3328 374.637146
3329 374.649170
3330 374.651825
3331 374.659851
3332 374.662506
3333 374.682526
3334 374.685211
3335 374.683868
3336 374.683868
3337 374.675873
3338 374.669189
3339 374.670532
3340 374.666504
3341 374.651825
3342 374.654510
3343 374.641174
3344 374.645172
3345 374.635834
3346 374.639832
3347 374.630493
3348 374.637146
3349 374.635834
3350 374.622467
3351 374.609131
3352 374.599792
3353 374.597107
3354 374.590454
3355 374.589111
3356 374.585114
3357 374.591766
3358 374.603790
3359 374.603790
3360 374.601135
3361 374.609131
3362 374.629150
3363 374.634491
3364 374.626495
3365 374.621155
3366 374.614471
3367 374.611786
3368 374.606445
3369 374.610474
3370 374.613129
3371 374.626495
3372 374.637146
3373 374.646515
3374 374.646515
3375 374.646515
3376 374.642487
3377 374.653168
3378 374.647827
3379 374.647827
3380 374.647827
3381 374.631805
3382 374.625153
3383 374.626495
3384 374.619812
3385 374.626495
3386 374.630493
3387 374.605133
3388 374.607788
3389 374.622467
3390 374.622467
3391 374.630493
3392 374.619812
3393 374.615814
3394 374.617126
3395 374.617126
3396 374.619812
3397 374.634491
3398 374.646515
3399 374.638489
3400 374.641174
3401 374.623810
3402 374.631805
3403 374.641174
3404 374.651825
3405 374.661194
3406 374.663849
3407 374.658508
3408 374.658508
3409 374.662506
3410 374.671844
3411 374.673187
3412 374.666504
3413 374.683868
3414 374.679871
3415 374.685211
3416 374.687866
3417 374.661194
3418 374.653168
3419 374.645172
3420 374.647827
3421 374.643829
3422 374.626495
3423 374.626495
3424 374.630493
3425 374.614471
3426 374.610474
3427 374.613129
3428 374.622467
3429 374.627808
3430 374.637146
3431 374.642487
3432 374.654510
3433 374.650513
3434 374.654510
3435 374.658508
3436 374.666504
3437 374.659851
3438 374.653168
3439 374.647827
3440 374.654510
3441 374.645172
3442 374.631805
3443 374.622467
3444 374.607788
3445 374.606445
3446 374.603790
3447 374.602448
3448 374.595795
3449 374.591766
3450 374.591766
3451 374.583771
3452 374.582428
3453 374.578430
3454 374.577087
3455 374.591766
3456 374.603790
3457 374.614471
3458 374.606445
3459 374.611786
3460 374.606445
3461 374.611786
3462 374.613129
3463 374.607788
3464 374.614471
3465 374.606445
3466 374.610474
3467 374.598450
3468 374.593109
3469 374.609131
3470 374.618469
3471 374.629150
3472 374.647827
3473 374.650513
3474 374.657166
3475 374.647827
3476 374.646515
3477 374.647827
3478 374.634491
3479 374.629150
3480 374.617126
3481 374.621155
3482 374.627808
3483 374.650513
3484 374.638489
3485 374.625153
3486 374.618469
3487 374.614471
3488 374.621155
3489 374.630493
3490 374.619812
3491 374.621155
3492 374.606445
3493 374.607788
3494 374.607788
3495 374.607788
3496 374.587769
3497 374.574432
3498 374.581085
3499 374.583771
3500 374.579773
3501 374.581085
3502 374.582428
3503 374.585114
3504 374.599792
3505 374.585114
3506 374.601135
3507 374.578430
3508 374.574432
3509 374.585114
3510 374.590454
3511 374.593109
3512 374.610474
3513 374.601135
3514 374.610474
3515 374.611786
3516 374.601135
3517 374.610474
3518 374.619812
3519 374.626495
3520 374.633148
3521 374.642487
3522 374.630493
3523 374.642487
3524 374.659851
3525 374.655853
3526 374.653168
3527 374.657166
3528 374.654510
3529 374.665192
3530 374.663849
3531 374.654510
3532 374.659851
3533 374.641174
3534 374.637146
3535 374.635834
3536 374.635834
3537 374.625153
3538 374.619812
3539 374.623810
3540 374.623810
3541 374.615814
3542 374.607788
3543 374.617126
3544 374.617126
3545 374.627808
3546 374.626495
3547 374.622467
3548 374.603790
3549 374.594452
3550 374.595795
3551 374.603790
3552 374.595795
3553 374.606445
3554 374.598450
3555 374.610474
3556 374.607788
3557 374.586426
3558 374.577087
3559 374.595795
3560 374.599792
3561 374.583771
3562 374.589111
3563 374.594452
3564 374.586426
3565 374.583771
3566 374.582428
3567 374.566406
3568 374.577087
3569 374.567749
3570 374.575775
3571 374.567749
3572 374.549072
3573 374.545044
3574 374.546387
3575 374.554413
3576 374.555725
3577 374.562408
3578 374.553070
3579 374.546387
3580 374.535706
3581 374.546387
3582 374.557068
3583 374.550385
3584 374.550385
3585 374.554413
3586 374.551727
3587 374.539703
3588 374.527710
3589 374.525024
3590 374.538391
3591 374.543732
3592 374.554413
3593 374.522369
3594 374.522369
3595 374.531708
3596 374.515686
3597 374.530365
3598 374.530365
3599 374.550385
3600 374.550385
3601 374.558411
3602 374.534363
3603 374.523712
3604 374.533051
3605 374.529053
3606 374.530365
3607 374.533051
3608 374.531708
3609 374.531708
3610 374.538391
3611 374.542389
3612 374.553070
3613 374.547729
3614 374.554413
3615 374.553070
3616 374.539703
3617 374.529053
3618 374.542389
3619 374.534363
3620 374.558411
3621 374.557068
3622 374.561066
3623 374.567749
3624 374.565094
3625 374.573090
3626 374.574432
3627 374.583771
3628 374.577087
3629 374.583771
3630 374.587769
3631 374.574432
3632 374.571747
3633 374.549072
3634 374.551727
3635 374.549072
3636 374.567749
3637 374.573090
3638 374.574432
3639 374.571747
3640 374.582428
3641 374.574432
3642 374.566406
3643 374.559753
3644 374.567749
3645 374.558411
3646 374.554413
3647 374.555725
3648 374.549072
